0.225	10.7089	0.0349989	1.13014	0.0108991	0.170771	0.00422859
0.275	8.3639	0.0280041	1.03367	0.00946731	0.167615	0.00378539
0.325	6.5532	0.0226898	0.926987	0.00824057	0.161086	0.00341401
0.375	5.11034	0.0186074	0.839405	0.00729233	0.153914	0.00311465
0.425	4.00582	0.015411	0.757703	0.00652656	0.144388	0.00283055
0.475	3.18044	0.0129667	0.653425	0.00573711	0.137065	0.00260883
0.525	2.46203	0.0107946	0.553995	0.00501062	0.130062	0.002415
0.575	1.93895	0.0091265	0.481351	0.00445575	0.122639	0.00224271
0.625	1.54455	0.00780381	0.418974	0.00399093	0.116555	0.00209672
0.675	1.22743	0.00666689	0.350397	0.00351372	0.105795	0.00192176
0.725	0.980122	0.00572961	0.294783	0.00310767	0.0973956	0.00178047
0.775	0.780145	0.00493673	0.25767	0.00281135	0.0884707	0.00163819
0.825	0.625854	0.00428341	0.216186	0.00249405	0.0817113	0.00152867
0.875	0.494871	0.00369122	0.17315	0.00216762	0.0754286	0.00142327
0.925	0.401934	0.00323362	0.146773	0.0019367	0.0676121	0.00131379
0.975	0.323379	0.00281315	0.123487	0.00173156	0.0595838	0.00119889
1.025	0.258824	0.00245389	0.104608	0.00155426	0.0518107	0.00109358
1.075	0.209226	0.00215614	0.0874638	0.00138956	0.0464679	0.00100882
1.125	0.169998	0.00189328	0.0734327	0.00124348	0.0405543	0.000921555
1.175	0.134428	0.00165135	0.0606158	0.00110473	0.0356446	0.000846592
1.225	0.107794	0.00144651	0.0489796	0.000974189	0.033844	0.000805673
1.275	0.0904268	0.00129766	0.0428697	0.000890993	0.0288259	0.000728984
1.325	0.0733053	0.00114382	0.0340067	0.000779249	0.0252875	0.000670823
1.375	0.0612792	0.0010256	0.0295359	0.000710438	0.0214246	0.000605902
1.425	0.0459691	0.000874123	0.0249825	0.00064367	0.0189061	0.000559717
1.475	0.0402792	0.000801994	0.0204188	0.000570628	0.0165583	0.000515037
1.525	0.0314137	0.000697197	0.0162314	0.000501948	0.0141022	0.000466655
1.575	0.0260691	0.000625046	0.0146704	0.000468289	0.012564	0.000432971
1.625	0.0211982	0.000554181	0.0112796	0.000404421	0.0105557	0.000391811
1.675	0.0169131	0.000488611	0.00958034	0.000367203	0.00887797	0.00035354
1.725	0.0140222	0.000437858	0.00804775	0.000331737	0.00795227	0.000329207
1.775	0.0117316	0.000394985	0.00654847	0.000295713	0.00662801	0.000296304
1.825	0.00929574	0.000346487	0.00550524	0.000266333	0.00598228	0.000277625
1.875	0.00805648	0.000318308	0.00476863	0.000244557	0.00484393	0.000246479
1.925	0.00625822	0.000276472	0.00387472	0.000217575	0.00382582	0.000216198
1.975	0.0054207	0.000254041	0.00345495	0.000202838	0.00303798	0.00019021
2.025	0.00461293	0.000231448	0.00277705	0.000179601	0.00300944	0.000186962
2.075	0.00382141	0.000208113	0.00235861	0.000163515	0.00261942	0.000172316
2.125	0.00306713	0.000184248	0.0016609	0.000135597	0.0020263	0.000149768
2.175	0.00247735	0.00016368	0.00160108	0.00013248	0.00207708	0.000149879
2.225	0.00201983	0.000146129	0.0013113	0.000117748	0.0017766	0.000137051
2.275	0.00169619	0.000132434	0.000972205	0.000100268	0.00131351	0.000116544
2.325	0.00152815	0.000124345	0.000850096	9.27473e-05	0.00118406	0.000109457
2.375	0.00108978	0.000103898	0.000852013	9.18691e-05	0.00101053	0.00010005
2.425	0.00088296	9.35648e-05	0.000659794	8.00078e-05	0.000873257	9.20433e-05
2.475	0.000655972	7.89657e-05	0.000399287	6.16095e-05	0.000693999	8.12221e-05
2.525	0.000624345	7.62721e-05	0.000484566	6.71947e-05	0.000596389	7.45452e-05
2.575	0.00050257	6.77638e-05	0.000356368	5.70629e-05	0.000520846	6.89848e-05
2.625	0.00057367	7.17053e-05	0.000358544	5.66891e-05	0.000484034	6.58661e-05
2.675	0.000413414	6.03006e-05	0.000307862	5.20368e-05	0.000413414	6.03006e-05
2.725	0.000319482	5.25211e-05	0.000224501	4.40274e-05	0.000336751	5.39218e-05
2.775	0.000279809	4.87074e-05	0.00018654	3.97697e-05	0.000313726	5.15748e-05
2.825	0.000199896	4.08029e-05	0.00016658	3.72479e-05	0.00024987	4.56188e-05
2.875	0.000188235	3.92491e-05	0.000114578	3.0622e-05	0.000220972	4.25252e-05
2.925	0.000225239	4.25653e-05	0.000112619	3.00985e-05	0.000136752	3.31669e-05
2.975	0.000102818	2.85162e-05	0.000150272	3.44743e-05	0.000150272	3.44743e-05
3.025	0.000225571	4.18867e-05	9.33399e-05	2.69447e-05	7.77832e-05	2.4597e-05
3.075	9.18222e-05	2.65065e-05	5.35629e-05	2.02448e-05	0.000137733	3.24636e-05
3.125	9.0353e-05	2.60824e-05	4.51765e-05	1.84431e-05	0.000150588	3.36721e-05
3.175	3.70542e-05	1.65711e-05	3.70542e-05	1.65711e-05	6.66976e-05	2.22324e-05
3.225	3.64797e-05	1.63142e-05	3.64797e-05	1.63142e-05	4.37757e-05	1.78713e-05
3.275	2.15537e-05	1.2444e-05	5.74765e-05	2.03209e-05	3.59228e-05	1.60651e-05
3.325	4.95356e-05	1.87226e-05	2.83061e-05	1.4153e-05	4.24591e-05	1.73338e-05
3.375	2.78867e-05	1.39433e-05	0	0	3.48584e-05	1.55891e-05
3.425	1.37398e-05	9.7155e-06	2.06097e-05	1.1899e-05	4.80893e-05	1.8176e-05
3.475	2.70842e-05	1.35421e-05	3.38553e-05	1.51405e-05	6.77106e-06	6.77105e-06
3.525	2.0025e-05	1.15614e-05	0	0	2.67001e-05	1.335e-05
3.575	2.63266e-05	1.31633e-05	6.58166e-06	6.58165e-06	1.31633e-05	9.30786e-06
3.625	1.94726e-05	1.12425e-05	2.59635e-05	1.29817e-05	3.24544e-05	1.4514e-05
3.675	1.92077e-05	1.10895e-05	0	0	1.92077e-05	1.10895e-05
3.725	6.31663e-06	6.31662e-06	1.26333e-05	8.93304e-06	1.26333e-05	8.93304e-06
3.775	6.23296e-06	6.23296e-06	0	0	0	0
3.825	6.15148e-06	6.15148e-06	0	0	1.2303e-05	8.6995e-06
3.875	0	0	1.82163e-05	1.05172e-05	1.21442e-05	8.58725e-06
3.925	0	0	0	0	5.99476e-06	5.99475e-06
3.975	0	0	5.91935e-06	5.91935e-06	5.91935e-06	5.91935e-06
4.025	0	0	5.84582e-06	5.84582e-06	0	0
4.075	0	0	0	0	0	0
4.125	0	0	5.7041e-06	5.7041e-06	1.14082e-05	8.06681e-06
4.175	0	0	0	0	0	0
4.225	0	0	0	0	0	0
4.275	0	0	0	0	0	0
4.325	0	0	1.08807e-05	7.69378e-06	0	0
4.375	0	0	0	0	0	0
4.425	0	0	0	0	5.31739e-06	5.31738e-06
4.475	0	0	0	0	0	0
4.525	0	0	0	0	0	0
4.575	0	0	0	0	5.14304e-06	5.14304e-06
4.625	0	0	5.08744e-06	5.08744e-06	0	0
4.675	0	0	0	0	0	0
4.725	0	0	0	0	0	0
4.775	4.92763e-06	4.92763e-06	4.92763e-06	4.92763e-06	4.92763e-06	4.92763e-06
4.825	0	0	0	0	0	0
4.875	0	0	0	0	0	0
4.925	0	0	0	0	0	0
4.975	0	0	0	0	0	0

