0.225	24.696	0.0362558	2.52004	0.0110166	0.349737	0.00408911
0.275	19.4288	0.0290823	2.3252	0.00958777	0.34434	0.00367039
0.325	15.1951	0.0235335	2.1199	0.00842977	0.336699	0.00334218
0.375	11.9228	0.0193618	1.91049	0.00744842	0.317674	0.00302232
0.425	9.39522	0.0160698	1.68755	0.00657445	0.312311	0.00281589
0.475	7.40927	0.0134287	1.48136	0.00583724	0.294787	0.00258579
0.525	5.84156	0.0113071	1.30275	0.00519834	0.282977	0.00241034
0.575	4.64159	0.00958669	1.12034	0.0046078	0.26443	0.00222791
0.625	3.69814	0.0081901	0.96751	0.00410776	0.246717	0.00206236
0.675	2.94645	0.007013	0.833801	0.00366673	0.232106	0.00192611
0.725	2.36831	0.00605869	0.706341	0.00325624	0.213399	0.0017797
0.775	1.90066	0.00522959	0.603307	0.0029123	0.199729	0.00166758
0.825	1.51949	0.00451614	0.51108	0.00259315	0.185695	0.00155808
0.875	1.22975	0.00394086	0.431446	0.00231285	0.169417	0.00144435
0.925	0.991926	0.00343923	0.360375	0.00205775	0.154144	0.0013412
0.975	0.799871	0.00300414	0.306774	0.00184629	0.136433	0.00122846
1.025	0.648744	0.00263627	0.255401	0.00164234	0.125466	0.00114914
1.075	0.530863	0.00232376	0.215831	0.00147444	0.114798	0.00107292
1.125	0.427619	0.00203836	0.182616	0.0013269	0.0995055	0.000976658
1.175	0.349041	0.00179945	0.153584	0.00118929	0.0905026	0.000911146
1.225	0.285017	0.00159266	0.127799	0.0010613	0.0788372	0.000832752
1.275	0.231926	0.00140767	0.109055	0.000961212	0.0722956	0.00078201
1.325	0.190805	0.00125097	0.09132	0.000862558	0.0620677	0.000710539
1.375	0.153183	0.00109929	0.0756648	0.000770355	0.0549692	0.000657125
1.425	0.125175	0.000973891	0.0625875	0.000687671	0.0482783	0.000604109
1.475	0.104935	0.000878885	0.0536996	0.000626549	0.0422306	0.000555249
1.525	0.0868965	0.000784514	0.0429969	0.000551145	0.0363749	0.000506971
1.575	0.0705155	0.000694973	0.0370092	0.000502893	0.0322157	0.000469562
1.625	0.0589811	0.000626399	0.0313105	0.000455158	0.0278294	0.000429368
1.675	0.0474868	0.000552733	0.0262089	0.000410153	0.0236278	0.00038975
1.725	0.0388409	0.000493344	0.0219891	0.000370342	0.0213843	0.00036524
1.775	0.0326634	0.000445456	0.0181039	0.000331303	0.018213	0.000332184
1.825	0.0262057	0.000393442	0.0151624	0.000299004	0.0155867	0.000303714
1.875	0.0225013	0.000359416	0.0126186	0.000269197	0.0135421	0.00027895
1.925	0.0185033	0.000321643	0.0108383	0.000246037	0.0118942	0.000257957
1.975	0.0156281	0.000292147	0.0090828	0.000222535	0.0101828	0.000235578
2.025	0.0121035	0.000254229	0.0076689	0.000201854	0.00890102	0.000217428
2.075	0.010428	0.000232322	0.00644752	0.00018302	0.00765514	0.000199358
2.125	0.00860361	0.000208671	0.00543546	0.000165951	0.00624015	0.000177925
2.175	0.00739713	0.000191151	0.00450948	0.000149278	0.00564674	0.000167031
2.225	0.00609503	0.000171567	0.00412297	0.000141127	0.00449031	0.000147276
2.275	0.00509598	0.000155153	0.00332326	0.000125488	0.00403708	0.000138106
2.325	0.00425555	0.000140258	0.00280311	0.000113845	0.00336743	0.000124775
2.375	0.00340975	0.000124226	0.00239543	0.00010413	0.0029524	0.000115599
2.425	0.00275404	0.000110493	0.00182272	8.98958e-05	0.00233717	0.00010179
2.475	0.00238989	0.000102072	0.00161644	8.37978e-05	0.00223346	9.84967e-05
2.525	0.00206572	9.37841e-05	0.00140128	7.72465e-05	0.00205294	9.34936e-05
2.575	0.00158707	8.14047e-05	0.00098148	6.40196e-05	0.00164554	8.28903e-05
2.625	0.00132741	7.37371e-05	0.000893137	6.04864e-05	0.00153636	7.93272e-05
2.675	0.0013227	7.29149e-05	0.000816137	5.72776e-05	0.00109756	6.64214e-05
2.725	0.00094324	6.10082e-05	0.000584098	4.80102e-05	0.000951133	6.12629e-05
2.775	0.00074022	5.3557e-05	0.000612329	4.87117e-05	0.000887489	5.86424e-05
2.825	0.000685243	5.10719e-05	0.00043018	4.04664e-05	0.000711892	5.20554e-05
2.875	0.000605993	4.76087e-05	0.000381551	3.77779e-05	0.000572327	4.6569e-05
2.925	0.000404443	3.85607e-05	0.000323555	3.449e-05	0.000577251	4.60672e-05
2.975	0.000415721	3.87646e-05	0.000310887	3.35228e-05	0.00045187	4.04148e-05
3.025	0.000291527	3.21929e-05	0.00024531	2.95311e-05	0.000373297	3.64288e-05
3.075	0.000356735	3.53208e-05	0.000216839	2.7538e-05	0.000346243	3.47975e-05
3.125	0.00026155	3.0001e-05	0.000220252	2.7531e-05	0.000289081	3.15405e-05
3.175	0.000203235	2.6237e-05	0.000125328	2.06036e-05	0.000284529	3.10438e-05
3.225	0.000176741	2.42768e-05	8.6703e-05	1.70037e-05	0.000230097	2.76997e-05
3.275	0.000144488	2.17821e-05	0.000105082	1.85759e-05	0.000134637	2.10264e-05
3.325	0.000132612	2.07102e-05	6.46888e-05	1.44648e-05	0.000184363	2.4419e-05
3.375	0.000124274	1.98996e-05	7.01035e-05	1.4946e-05	0.000105155	1.8305e-05
3.425	9.10601e-05	1.69093e-05	4.396e-05	1.17488e-05	0.00012246	1.96091e-05
3.475	6.18965e-05	1.38404e-05	4.33275e-05	1.15797e-05	8.35602e-05	1.6081e-05
3.525	3.9662e-05	1.10002e-05	4.57639e-05	1.18161e-05	4.88148e-05	1.22036e-05
3.575	6.31734e-05	1.37855e-05	3.30908e-05	9.97722e-06	6.61816e-05	1.41099e-05
3.625	3.85679e-05	1.06968e-05	2.07673e-05	7.8493e-06	6.2302e-05	1.35953e-05
3.675	4.3896e-05	1.13338e-05	3.21904e-05	9.70573e-06	4.3896e-05	1.13338e-05
3.725	1.73227e-05	7.07195e-06	2.88712e-05	9.12984e-06	8.08393e-05	1.5277e-05
3.775	2.84888e-05	9.00891e-06	2.84888e-05	9.00891e-06	3.70354e-05	1.02717e-05
3.825	1.12465e-05	5.62327e-06	4.21746e-05	1.08894e-05	3.37396e-05	9.73976e-06
3.875	1.94275e-05	7.34289e-06	1.94275e-05	7.34289e-06	1.66521e-05	6.7982e-06
3.925	3.288e-05	9.49161e-06	1.644e-05	6.7116e-06	3.562e-05	9.87918e-06
3.975	1.89388e-05	7.15816e-06	1.08222e-05	5.41107e-06	1.35277e-05	6.04976e-06
4.025	2.67193e-05	8.44935e-06	1.33596e-05	5.9746e-06	5.34386e-06	3.77867e-06
4.075	1.31957e-05	5.9013e-06	1.05566e-05	5.27828e-06	1.05566e-05	5.27828e-06
4.125	7.82146e-06	4.51572e-06	7.82146e-06	4.51572e-06	5.21431e-06	3.68707e-06
4.175	5.15186e-06	3.64291e-06	2.57593e-06	2.57593e-06	1.54556e-05	6.3097e-06
4.225	7.63634e-06	4.40884e-06	2.54545e-06	2.54545e-06	7.63634e-06	4.40884e-06
4.275	2.51568e-06	2.51567e-06	2.51568e-06	2.51567e-06	7.54703e-06	4.35727e-06
4.325	4.97318e-06	3.51657e-06	4.97318e-06	3.51657e-06	7.45978e-06	4.3069e-06
4.375	0	0	4.91635e-06	3.47638e-06	2.45817e-06	2.45817e-06
4.425	4.8608e-06	3.4371e-06	7.29119e-06	4.20957e-06	1.45824e-05	5.95322e-06
4.475	2.40324e-06	2.40324e-06	7.20973e-06	4.16253e-06	4.80649e-06	3.3987e-06
4.525	0	0	4.75338e-06	3.36114e-06	2.37669e-06	2.37669e-06
4.575	2.35071e-06	2.35071e-06	2.35071e-06	2.35071e-06	0	0
4.625	6.9759e-06	4.02753e-06	2.3253e-06	2.3253e-06	0	0
4.675	0	0	0	0	4.60086e-06	3.2533e-06
4.725	0	0	2.27609e-06	2.27609e-06	0	0
4.775	4.50451e-06	3.18517e-06	0	0	2.25225e-06	2.25225e-06
4.825	0	0	2.22891e-06	2.22891e-06	0	0
4.875	0	0	0	0	2.20605e-06	2.20605e-06
4.925	2.18366e-06	2.18366e-06	2.18366e-06	2.18366e-06	0	0
4.975	0	0	0	0	0	0

