0.225	788.259	0.338288	58.7636	0.0721959	5.29201	0.0215477
0.275	635.299	0.234419	56.1441	0.0640033	5.21177	0.019333
0.325	514.431	1.59336	55.042	1.89845	5.13835	0.0176529
0.375	415.837	0.906227	50.0022	0.051786	5.06766	0.0163333
0.425	337.338	0.135644	46.8022	0.0470938	5.0035	0.0152305
0.475	275.011	0.115016	43.2938	0.0428752	4.91701	0.0142941
0.525	225.829	0.452536	40.9399	1.06428	4.80064	0.0134418
0.575	185.214	0.0846925	36.4623	0.0357792	4.69801	0.0126993
0.625	152.703	0.0733979	33.5074	0.345882	4.59776	0.0120509
0.675	126.593	0.250883	30.0049	0.0299378	4.50098	0.0114681
0.725	104.746	0.0557688	27.061	0.0274263	4.37259	0.0109175
0.775	87.1682	0.0489992	24.1543	0.0250361	4.29089	0.0104529
0.825	73.4832	0.833222	21.4747	0.0228923	4.15892	0.00997995
0.875	60.7609	0.0382261	19.1014	0.020914	4.03656	0.00955969
0.925	50.8255	0.0338326	16.8807	0.0191474	3.92717	0.00916831
0.975	42.6508	0.0301339	14.8771	0.0174921	3.77216	0.00875982
1.025	36.2508	0.427255	13.1122	0.0159873	3.64615	0.00838627
1.075	30.1514	0.0240099	11.4383	0.0145947	3.50609	0.00802694
1.125	25.422	0.021492	10.0552	0.0133687	3.37147	0.0077098
1.175	21.4377	0.0192563	8.7849	0.0122034	3.20181	0.00734243
1.225	18.0876	0.0173175	7.69	0.0111883	3.06058	0.00702599
1.275	15.2679	0.0155849	6.70316	0.0102319	2.90177	0.00670614
1.325	12.9725	0.0140608	5.83245	0.00935377	2.74132	0.0063963
1.375	10.9756	0.0126816	5.07085	0.00855996	2.57906	0.00608918
1.425	9.31449	0.0114532	4.678	0.254082	2.42704	0.00579525
1.475	7.90187	0.0103424	3.84346	0.00719207	2.26141	0.00551173
1.525	6.69011	0.00936219	3.33455	0.00658207	2.10348	0.00522268
1.575	5.69422	0.00849672	2.90466	0.00605012	1.9524	0.00495051
1.625	4.83707	0.00770763	2.50878	0.00553076	1.80101	0.00467521
1.675	4.12365	0.00701454	2.18102	0.00507632	1.66818	0.00443584
1.725	3.5113	0.00637744	1.89328	0.00466249	1.53283	0.00419319
1.775	2.99595	0.0057886	1.63974	0.00427046	1.40182	0.00395226
1.825	2.54669	0.00526592	1.41698	0.00392218	1.27319	0.00371008
1.875	2.17936	0.00480004	1.23759	0.00361168	1.16632	0.00350471
1.925	1.85112	0.0043656	1.06359	0.00330475	1.06243	0.0032967
1.975	1.59239	0.00399501	0.923422	0.00303812	0.953423	0.00308709
2.025	1.35915	0.00364378	0.799331	0.00279422	0.860164	0.00289338
2.075	1.15784	0.00332488	0.690469	0.00256348	0.776987	0.00271781
2.125	0.994883	0.0030417	0.599959	0.0023599	0.703384	0.00255418
2.175	0.847334	0.0027769	0.519158	0.00216948	0.629373	0.00238765
2.225	0.727039	0.00254118	0.451711	0.00200165	0.564271	0.00223565
2.275	0.62064	0.00232391	0.390127	0.00183927	0.509351	0.00210119
2.325	0.533872	0.00213139	0.335222	0.00168598	0.453101	0.00196117
2.375	0.454387	0.00194263	0.292758	0.00155931	0.406282	0.00183788
2.425	0.389301	0.0017788	0.255112	0.00144056	0.361336	0.00171181
2.475	0.33471	0.00163216	0.220086	0.00132291	0.321857	0.00160115
2.525	0.285275	0.00149313	0.190656	0.00121946	0.283739	0.00149001
2.575	0.245641	0.00137133	0.165481	0.00112453	0.252934	0.00139002
2.625	0.211086	0.0012593	0.142359	0.00103197	0.223362	0.00129518
2.675	0.18129	0.00115627	0.123973	0.000955841	0.199149	0.00121227
2.725	0.154645	0.0010577	0.107388	0.000882318	0.175933	0.00112901
2.775	0.134884	0.000978905	0.0914075	0.000806878	0.155356	0.00105166
2.825	0.114707	0.000894427	0.080125	0.000747737	0.139311	0.000984897
2.875	0.097396	0.000816028	0.0691186	0.000688334	0.120258	0.00090757
2.925	0.0855086	0.000759491	0.0591615	0.000630355	0.107098	0.000848346
2.975	0.0738024	0.000699684	0.0519674	0.0005869	0.0944001	0.000791384
3.025	0.0625743	0.000638434	0.0441846	0.000535776	0.0835799	0.000737481
3.075	0.053939	0.000587969	0.0391195	0.000499924	0.0747759	0.000691072
3.125	0.0458573	0.000537177	0.0337945	0.000461486	0.0647671	0.000639635
3.175	0.0399768	0.000498178	0.029189	0.000425159	0.0559167	0.000588185
3.225	0.0341505	0.000456367	0.0250498	0.000391172	0.0500691	0.000553384
3.275	0.0296201	0.000422024	0.0224555	0.000367714	0.0435886	0.000512097
3.325	0.0257232	0.000390716	0.0187907	0.000333824	0.0391206	0.000481831
3.375	0.0217376	0.000355629	0.0159227	0.000305456	0.0346624	0.000449491
3.425	0.0191903	0.000332711	0.0142879	0.000286235	0.0292654	0.000410117
3.475	0.0163821	0.000304611	0.0125925	0.000267073	0.0253039	0.000378486
3.525	0.0139607	0.000279229	0.0109117	0.000246802	0.0228509	0.000357625
3.575	0.0123063	0.000260532	0.0096138	0.000230618	0.0205821	0.000336766
3.625	0.0103935	0.000237412	0.00836256	0.000213033	0.0178818	0.000311829
3.675	0.00907367	0.000220618	0.00712395	0.000195181	0.0152335	0.000286452
3.725	0.00772059	0.000202082	0.00595558	0.000177437	0.0134912	0.000266692
3.775	0.00671102	0.000186919	0.00521968	0.000164876	0.0115083	0.000244856
3.825	0.00575871	0.000172032	0.00436406	0.000149784	0.0104316	0.00023175
3.875	0.00489702	0.000157792	0.00412996	0.000144949	0.00890506	0.00021258
3.925	0.00400713	0.000141692	0.00339027	0.000130726	0.00786381	0.000198525
3.975	0.0035358	0.000132266	0.00280784	0.000117877	0.00677943	0.000183073
4.025	0.00335494	0.000128038	0.00252843	0.000111165	0.0061279	0.000172981
4.075	0.00260851	0.000112215	0.00209647	0.000100607	0.00528465	0.000159813
4.125	0.00253872	0.000110238	0.00212832	0.000100751	0.00468613	0.000149602
4.175	0.00207455	9.88731e-05	0.00169264	8.93143e-05	0.00387091	0.000135027
4.225	0.00172852	8.97196e-05	0.00128591	7.73892e-05	0.00339181	0.000125652
4.275	0.00155175	8.45113e-05	0.00122942	7.52271e-05	0.00295154	0.000116533
4.325	0.00137451	7.90793e-05	0.00108777	7.03518e-05	0.00260793	0.000108909
4.375	0.00112483	7.11298e-05	0.00095386	6.55028e-05	0.00251963	0.000106437
4.425	0.000916391	6.38398e-05	0.000778487	5.88417e-05	0.00183278	9.02716e-05
4.475	0.000980931	6.56789e-05	0.000681813	5.47593e-05	0.00166714	8.56153e-05
4.525	0.000722131	5.60425e-05	0.000600326	5.10988e-05	0.00137466	7.75599e-05
4.575	0.000684121	5.4249e-05	0.00043887	4.34518e-05	0.00123916	7.30053e-05
4.625	0.000561809	4.88952e-05	0.000455406	4.40228e-05	0.0011832	7.09517e-05
4.675	0.000471588	4.45578e-05	0.000454746	4.3755e-05	0.00114108	6.93038e-05
4.725	0.000395775	4.06033e-05	0.000349949	3.81805e-05	0.000824879	5.86144e-05
4.775	0.000387508	3.99661e-05	0.000259713	3.27195e-05	0.000853343	5.93038e-05
4.825	0.0002815	3.38872e-05	0.000244783	3.16001e-05	0.000620116	5.02933e-05
4.875	0.000258424	3.23017e-05	0.00024631	3.15356e-05	0.000678362	5.23313e-05
4.925	0.0002558	3.19737e-05	0.000171866	2.62086e-05	0.000467634	4.32297e-05
4.975	0.000209705	2.88043e-05	0.000142441	2.37397e-05	0.000510415	4.49359e-05

