0.225	10.6246	0.0348566	1.11414	0.0108225	0.170981	0.00423375
0.275	8.35945	0.0279572	1.04967	0.00952062	0.157861	0.00367414
0.325	6.57999	0.022786	0.931693	0.00825726	0.160941	0.00341555
0.375	5.13437	0.0186529	0.839656	0.00729174	0.150086	0.00307102
0.425	4.00039	0.0154024	0.740873	0.00642531	0.148817	0.00286893
0.475	3.14725	0.012859	0.648917	0.0057029	0.141969	0.00266106
0.525	2.47207	0.0108378	0.561569	0.00504235	0.130824	0.00242034
0.575	1.93973	0.00911974	0.484379	0.00447664	0.120061	0.00221626
0.625	1.55223	0.00781662	0.414494	0.00398362	0.1184	0.00211306
0.675	1.21342	0.00662444	0.356218	0.00354265	0.10576	0.00192082
0.725	0.978143	0.00572763	0.29725	0.0031168	0.0949291	0.00175624
0.775	0.779386	0.00493532	0.252418	0.00278852	0.0917192	0.00166942
0.825	0.61841	0.00425825	0.216471	0.00250378	0.0844493	0.00155588
0.875	0.499738	0.00371438	0.177963	0.00219868	0.072148	0.00139427
0.925	0.400127	0.00323145	0.145348	0.00192883	0.0644834	0.00128338
0.975	0.319493	0.00280354	0.125225	0.00174144	0.0608387	0.00121376
1.025	0.255128	0.00243841	0.104953	0.00155338	0.0522927	0.00109715
1.075	0.20997	0.0021518	0.0858222	0.00137324	0.0453735	0.000996954
1.125	0.167488	0.0018804	0.0724916	0.00123279	0.0408262	0.000924144
1.175	0.138053	0.00166963	0.0583129	0.00108496	0.0364256	0.000856199
1.225	0.107678	0.00144218	0.049479	0.000975288	0.0339592	0.000807039
1.275	0.0889689	0.00128846	0.0400831	0.000861455	0.0276632	0.000714661
1.325	0.0711388	0.00112848	0.0340955	0.00077985	0.025252	0.000670355
1.375	0.058969	0.00100838	0.029108	0.000708194	0.0218524	0.000613325
1.425	0.0462828	0.000875812	0.0238597	0.000629168	0.0177338	0.000541201
1.475	0.0397049	0.000799813	0.0189831	0.000549807	0.01533	0.000495194
1.525	0.031784	0.000701598	0.0170183	0.000513862	0.0142719	0.000470458
1.575	0.0258151	0.00062166	0.0141027	0.000459656	0.012564	0.000434001
1.625	0.0206625	0.000547551	0.0118733	0.000414888	0.0101647	0.00038399
1.675	0.017489	0.000496395	0.00994557	0.000373582	0.0090044	0.000355484
1.725	0.0137494	0.000433601	0.00834783	0.00033784	0.00773402	0.000324662
1.775	0.0119967	0.000399398	0.00653522	0.000294224	0.0062701	0.000288198
1.825	0.00978566	0.000354998	0.00590492	0.000277028	0.00538921	0.000263513
1.875	0.00752942	0.000307251	0.00493177	0.000249335	0.00515765	0.000254949
1.925	0.0061971	0.00027512	0.00370359	0.000212718	0.00418029	0.000225987
1.975	0.00565898	0.00025956	0.00377662	0.000212067	0.00368131	0.000209375
2.025	0.00465941	0.000232611	0.00287001	0.000183319	0.00363689	0.000205522
2.075	0.00410489	0.000215691	0.00232459	0.000162332	0.00232459	0.000162332
2.125	0.00292319	0.000179875	0.0021481	0.000154995	0.00215917	0.00015539
2.175	0.00247735	0.000164394	0.00153617	0.000128899	0.00164436	0.00013336
2.225	0.00200925	0.000145746	0.0012267	0.000113887	0.00157568	0.00012907
2.275	0.00165482	0.000130809	0.00119974	0.000111384	0.00151002	0.000124957
2.325	0.00141683	0.000119731	0.000870336	9.38448e-05	0.00131562	0.000115377
2.375	0.00111951	0.000105305	0.000852013	9.18691e-05	0.00113932	0.000106233
2.425	0.00081504	8.89226e-05	0.000591874	7.57783e-05	0.000766526	8.62358e-05
2.475	0.000941177	9.45849e-05	0.000532383	7.11397e-05	0.000713013	8.23271e-05
2.525	0.00072685	8.22948e-05	0.000428655	6.31996e-05	0.000568434	7.27772e-05
2.575	0.000475157	6.58899e-05	0.000374643	5.85077e-05	0.000566534	7.19466e-05
2.625	0.000528852	6.88477e-05	0.000340617	5.52537e-05	0.000421289	6.14492e-05
2.675	0.000263881	4.81769e-05	0.000272678	4.89732e-05	0.00042221	6.09386e-05
2.725	0.000328117	5.32261e-05	0.000293578	5.0347e-05	0.000328117	5.32261e-05
2.775	0.000169581	3.7919e-05	0.000144144	3.49597e-05	0.00027133	4.79637e-05
2.825	0.000274857	4.78453e-05	0.000241541	4.48521e-05	0.000233212	4.4072e-05
2.875	0.000163683	3.66001e-05	0.000130946	3.27362e-05	0.000180051	3.83864e-05
2.925	0.000144796	3.41284e-05	0.000144796	3.41284e-05	0.000144796	3.41284e-05
2.975	0.000158181	3.53698e-05	9.49086e-05	2.73975e-05	0.000158181	3.53698e-05
3.025	8.55616e-05	2.57976e-05	6.22266e-05	2.20003e-05	9.33399e-05	2.69447e-05
3.075	0.00012243	3.0607e-05	0.000114778	2.96351e-05	0.000107126	2.86303e-05
3.125	6.02353e-05	2.12963e-05	6.02353e-05	2.12963e-05	0.000128	3.10442e-05
3.175	4.44651e-05	1.81527e-05	5.92868e-05	2.09609e-05	3.70542e-05	1.65711e-05
3.225	4.37757e-05	1.78713e-05	2.91838e-05	1.45919e-05	9.48473e-05	2.63057e-05
3.275	3.59228e-05	1.60651e-05	4.31074e-05	1.75984e-05	4.31074e-05	1.75984e-05
3.325	4.24591e-05	1.73338e-05	2.83061e-05	1.4153e-05	5.66122e-05	2.00153e-05
3.375	5.57735e-05	1.97188e-05	2.0915e-05	1.20753e-05	4.88018e-05	1.84452e-05
3.425	5.49593e-05	1.94309e-05	2.74796e-05	1.37398e-05	3.43495e-05	1.53615e-05
3.475	2.03132e-05	1.17278e-05	1.35421e-05	9.57571e-06	3.38553e-05	1.51405e-05
3.525	2.0025e-05	1.15614e-05	2.0025e-05	1.15614e-05	2.67001e-05	1.335e-05
3.575	3.949e-05	1.61216e-05	1.31633e-05	9.30786e-06	3.29083e-05	1.4717e-05
3.625	0	0	6.49088e-06	6.49087e-06	6.49088e-06	6.49087e-06
3.675	1.28051e-05	9.05458e-06	1.28051e-05	9.05458e-06	0	0
3.725	1.89499e-05	1.09407e-05	1.89499e-05	1.09407e-05	1.89499e-05	1.09407e-05
3.775	6.23296e-06	6.23296e-06	1.24659e-05	8.81473e-06	1.24659e-05	8.81473e-06
3.825	0	0	6.15148e-06	6.15148e-06	1.84545e-05	1.06547e-05
3.875	0	0	0	0	6.07211e-06	6.07211e-06
3.925	5.99476e-06	5.99475e-06	5.99476e-06	5.99475e-06	1.19895e-05	8.47786e-06
3.975	1.77581e-05	1.02526e-05	5.91935e-06	5.91935e-06	0	0
4.025	0	0	0	0	1.16916e-05	8.26723e-06
4.075	0	0	0	0	0	0
4.125	0	0	0	0	5.7041e-06	5.7041e-06
4.175	0	0	0	0	0	0
4.225	0	0	0	0	0	0
4.275	0	0	0	0	5.50396e-06	5.50396e-06
4.325	5.44033e-06	5.44033e-06	0	0	0	0
4.375	0	0	0	0	5.37816e-06	5.37815e-06
4.425	5.31739e-06	5.31738e-06	0	0	0	0
4.475	0	0	0	0	0	0
4.525	5.19987e-06	5.19987e-06	0	0	0	0
4.575	0	0	0	0	0	0
4.625	0	0	0	0	0	0
4.675	0	0	0	0	0	0
4.725	0	0	0	0	0	0
4.775	0	0	4.92763e-06	4.92763e-06	0	0
4.825	0	0	0	0	0	0
4.875	0	0	0	0	0	0
4.925	0	0	0	0	0	0
4.975	0	0	0	0	0	0

