0.225	223.539	0.375311	18.5627	0.0346684	1.97243	0.0112326
0.275	178.037	0.364864	17.4666	0.0304041	1.97434	0.0101686
0.325	142.027	0.0843762	16.3523	0.0271009	1.91713	0.00922205
0.375	114.283	0.374122	15.1348	0.0242508	1.86999	0.00847832
0.425	91.6118	0.170234	13.8898	0.0218366	1.82792	0.00787759
0.475	74.0154	0.0584881	12.6489	0.01974	1.7781	0.00734234
0.525	60.0302	0.0425006	11.4814	0.0178876	1.72407	0.00688183
0.575	49.1629	0.239154	10.3074	0.0161893	1.68241	0.00649442
0.625	40.3988	0.202851	9.36043	0.123404	1.62923	0.00613511
0.675	33.139	0.142339	8.23737	0.0133717	1.56724	0.00578781
0.725	27.1884	0.0421347	7.25717	0.0120979	1.50953	0.00548469
0.775	22.4321	0.0210376	6.41533	0.0109747	1.44946	0.00519434
0.825	18.5782	0.0333985	5.64789	0.00999938	1.38464	0.00491878
0.875	15.4083	0.0163271	4.94746	0.00908435	1.33472	0.0046978
0.925	12.8165	0.0144488	4.34094	0.00828262	1.25973	0.00442968
0.975	10.7431	0.0721278	3.78641	0.00750724	1.19697	0.00420875
1.025	8.91779	0.011398	3.28459	0.00683012	1.14056	0.00400547
1.075	7.46683	0.0101675	2.86794	0.00623797	1.07111	0.00379284
1.125	6.26087	0.00908498	2.48157	0.00566341	1.00845	0.00359845
1.175	5.26174	0.00813332	2.16002	0.0051721	0.948163	0.00340978
1.225	4.40218	0.00727575	1.87151	0.00470787	0.883443	0.00322597
1.275	3.71478	0.00654241	1.61336	0.00428339	0.85645	0.0390778
1.325	3.11585	0.00587138	1.40027	0.00391341	0.754332	0.00286781
1.375	2.62663	0.00528861	1.21214	0.00357141	0.703386	0.00271657
1.425	2.20791	0.00476168	1.04683	0.00326199	0.651583	0.0025684
1.475	1.87172	0.00430596	0.909195	0.00298752	0.592101	0.00240871
1.525	1.62996	0.0504895	0.783365	0.0027256	0.53836	0.00225642
1.575	1.33864	0.0035189	0.674889	0.00249045	0.493485	0.00212655
1.625	1.12776	0.00317992	0.576028	0.00226653	0.450867	0.00200046
1.675	0.957282	0.00288235	0.500294	0.00208044	0.406198	0.00187123
1.725	0.812247	0.00261481	0.433247	0.00190509	0.369506	0.00175857
1.775	0.6852	0.00237011	0.373147	0.00174472	0.334534	0.00164859
1.825	0.587484	0.00216167	0.321103	0.00159532	0.300042	0.00154023
1.875	0.49584	0.00195848	0.279301	0.00146819	0.272164	0.00144608
1.925	0.416603	0.00177008	0.236756	0.00133171	0.243461	0.00134882
1.975	0.356234	0.00161637	0.20642	0.00122875	0.215731	0.00125553
2.025	0.303416	0.00147121	0.175755	0.00111929	0.19448	0.00117676
2.075	0.26039	0.00134603	0.153663	0.00103467	0.172276	0.00109452
2.125	0.218834	0.00121924	0.129651	0.000937937	0.156054	0.00102851
2.175	0.186704	0.00111366	0.112869	0.000864926	0.139651	0.000962925
2.225	0.158469	0.00101367	0.0988987	0.000800661	0.121935	0.000888375
2.275	0.136751	0.000930846	0.0830943	0.000725691	0.108825	0.000830107
2.325	0.116109	0.000848975	0.0731871	0.000674268	0.0974487	0.000777053
2.375	0.0977844	0.000771254	0.0626246	0.000616442	0.0851455	0.000719515
2.425	0.0838587	0.000705404	0.0526817	0.00055914	0.074311	0.000664212
2.475	0.0727109	0.000651296	0.0465359	0.000520679	0.0674841	0.000627361
2.525	0.0614575	0.000592331	0.0398186	0.000476633	0.0595313	0.000582001
2.575	0.0524629	0.000542333	0.0343065	0.000437565	0.0520773	0.000539971
2.625	0.0454062	0.000498968	0.0296404	0.000403375	0.045302	0.000498344
2.675	0.0384249	0.000454705	0.0258695	0.000373319	0.0396999	0.000462338
2.725	0.0333	0.000419674	0.0222317	0.000342796	0.0351429	0.000430787
2.775	0.0282352	0.000382824	0.0194561	0.000318194	0.0314347	0.000403765
2.825	0.0242717	0.000351671	0.0167635	0.000291957	0.0271242	0.000371996
2.875	0.0204061	0.000320095	0.014495	0.000269742	0.0236144	0.000344007
2.925	0.0175876	0.000294086	0.0126532	0.000249498	0.0204754	0.000317165
2.975	0.0153234	0.00027263	0.0107573	0.000228082	0.0182594	0.000296993
3.025	0.0130674	0.000249285	0.00926659	0.000209878	0.0159073	0.000275243
3.075	0.010941	0.000226518	0.00793197	0.000192514	0.0137066	0.000253273
3.125	0.00956407	0.000210065	0.00679662	0.000176791	0.012244	0.000237786
3.175	0.00821241	0.000193194	0.00591004	0.000163567	0.0105057	0.000218167
3.225	0.00676881	0.000174127	0.00506434	0.000150246	0.00935675	0.000204328
3.275	0.00620851	0.000165176	0.00421809	0.000136079	0.00818574	0.000189591
3.325	0.00522362	0.000150398	0.00372189	0.000126866	0.00743079	0.000179607
3.375	0.00448963	0.000138421	0.00324465	0.000117732	0.00611835	0.000161409
3.425	0.00399555	0.000129645	0.002962	0.00011152	0.00523917	0.0001484
3.475	0.00332934	0.000117374	0.00234793	9.85784e-05	0.00489876	0.000142592
3.525	0.00280449	0.000106965	0.00217583	9.42228e-05	0.00415163	0.000130252
3.575	0.00239093	9.82397e-05	0.00187169	8.67792e-05	0.0036347	0.000120906
3.625	0.00208008	9.10204e-05	0.00139333	7.43589e-05	0.00313997	0.000111745
3.675	0.00186383	8.54101e-05	0.0012804	7.0796e-05	0.00276833	0.000104081
3.725	0.00157226	7.79197e-05	0.00107393	6.44018e-05	0.00236805	9.56181e-05
3.775	0.00131129	7.06889e-05	0.000998713	6.16934e-05	0.00213847	9.02632e-05
3.825	0.00120386	6.72879e-05	0.000797555	5.47711e-05	0.00168164	7.95227e-05
3.875	0.000980367	6.03302e-05	0.000672145	4.99561e-05	0.00151511	7.49954e-05
3.925	0.000843227	5.5595e-05	0.000597591	4.68035e-05	0.00136383	7.06993e-05
3.975	0.000774699	5.29522e-05	0.000495952	4.23694e-05	0.00121273	6.62485e-05
4.025	0.000622071	4.71553e-05	0.000518392	4.30473e-05	0.00118694	6.5132e-05
4.075	0.000617969	4.67104e-05	0.000370781	3.61829e-05	0.000851032	5.48138e-05
4.125	0.000397683	3.72445e-05	0.000394195	3.70808e-05	0.000760482	5.15013e-05
4.175	0.000437727	3.88398e-05	0.000327434	3.35926e-05	0.000696228	4.89819e-05
4.225	0.000299718	3.19487e-05	0.000272471	3.0462e-05	0.000609653	4.55639e-05
4.275	0.000323141	3.2979e-05	0.00025582	2.93435e-05	0.000585692	4.43977e-05
4.325	0.000312751	3.22564e-05	0.000212937	2.66163e-05	0.000462472	3.92239e-05
4.375	0.000203925	2.58977e-05	0.000167745	2.34884e-05	0.00040456	3.6476e-05
4.425	0.000214628	2.64181e-05	0.000136582	2.10746e-05	0.000354462	3.39496e-05
4.475	0.000189721	2.46989e-05	0.00013184	2.05896e-05	0.000302267	3.11752e-05
4.525	0.000159004	2.2486e-05	0.000127203	2.01122e-05	0.000260766	2.87958e-05
4.575	0.000122668	1.96422e-05	0.000110086	1.86077e-05	0.000245335	2.77778e-05
4.625	0.000121341	1.94298e-05	5.28924e-05	1.28282e-05	0.00025824	2.83444e-05
4.675	9.54193e-05	1.71376e-05	6.15609e-05	1.37653e-05	0.000187761	2.40396e-05
4.725	8.83187e-05	1.64002e-05	8.22277e-05	1.58245e-05	0.000134001	2.0201e-05
4.775	9.04075e-05	1.65058e-05	4.21901e-05	1.12757e-05	0.000135611	2.02153e-05
4.825	5.07e-05	1.22965e-05	3.57882e-05	1.03311e-05	8.35059e-05	1.57809e-05
4.875	5.90353e-05	1.32006e-05	5.018e-05	1.21703e-05	0.00010036	1.72113e-05
4.925	2.9218e-05	9.23949e-06	4.96706e-05	1.20468e-05	0.000119794	1.87083e-05
4.975	4.62789e-05	1.15696e-05	5.49562e-05	1.26077e-05	7.52033e-05	1.47484e-05

