0.225	43.5202	0.0474421	3.96044	0.0137219	0.506419	0.00488573
0.275	34.5332	0.0381867	3.7228	0.012028	0.499341	0.00439446
0.325	27.4306	0.0312145	3.45848	0.0106845	0.48579	0.00398327
0.375	21.8571	0.0259194	3.15282	0.00950013	0.467703	0.00363796
0.425	17.5277	0.0217362	2.85777	0.0084917	0.458216	0.00338385
0.475	14.0164	0.0183185	2.58405	0.00764011	0.446036	0.0031606
0.525	11.3845	0.0156352	2.29601	0.00684389	0.427121	0.00294127
0.575	9.18183	0.0133802	2.03296	0.00616673	0.409946	0.00275305
0.625	7.50485	0.011572	1.79551	0.00554908	0.38788	0.00256812
0.675	6.10322	0.01003	1.57996	0.00501044	0.369287	0.00241373
0.725	5.00107	0.0087382	1.37877	0.00451302	0.353683	0.00227815
0.775	4.10108	0.00763517	1.20648	0.00407949	0.334766	0.0021409
0.825	3.38374	0.00671134	1.04754	0.00368894	0.31413	0.00201172
0.875	2.79013	0.00591629	0.905843	0.00333046	0.29116	0.00188164
0.925	2.30945	0.0052201	0.789259	0.00302195	0.274848	0.0017777
0.975	1.91792	0.00462546	0.686559	0.00274839	0.255606	0.00167023
1.025	1.59505	0.00410957	0.590576	0.00248075	0.237195	0.00156927
1.075	1.33738	0.00366694	0.506098	0.00224138	0.217882	0.00146842
1.125	1.10827	0.0032617	0.441239	0.00204579	0.201228	0.00137881
1.175	0.928905	0.00291613	0.376897	0.00184997	0.183455	0.00128889
1.225	0.772926	0.00260902	0.326911	0.00168811	0.169817	0.00121483
1.275	0.646623	0.00233479	0.279547	0.00152949	0.15581	0.00113907
1.325	0.547685	0.00210825	0.241411	0.00139292	0.142915	0.00107193
1.375	0.457795	0.0018913	0.208966	0.00127268	0.129678	0.00100282
1.425	0.388413	0.00170867	0.17902	0.0011569	0.115708	0.000929897
1.475	0.322151	0.00152906	0.154422	0.00105692	0.104348	0.000867152
1.525	0.273538	0.00138357	0.13273	0.000963228	0.0944911	0.000811687
1.575	0.230726	0.00125113	0.114861	0.000881409	0.0844582	0.000755
1.625	0.195413	0.00113434	0.0978305	0.000800471	0.0749122	0.000699998
1.675	0.167048	0.00103207	0.0845532	0.000733198	0.069363	0.000663103
1.725	0.138143	0.000925436	0.0727715	0.000669227	0.0600145	0.000607962
1.775	0.117634	0.000839447	0.0629925	0.000614215	0.0533326	0.000564656
1.825	0.0997952	0.000763205	0.0535284	0.000558329	0.0489994	0.000534392
1.875	0.0853467	0.000696713	0.0459894	0.000510896	0.0431656	0.000494079
1.925	0.0735833	0.000637119	0.0399941	0.000469541	0.0386161	0.000461527
1.975	0.0616903	0.000576345	0.0352961	0.000436027	0.0337543	0.000426167
2.025	0.0528316	0.000527237	0.0302486	0.000398517	0.0300338	0.00039656
2.075	0.0444253	0.000477377	0.0261807	0.000365905	0.0262318	0.00036683
2.125	0.0385966	0.000439907	0.0219247	0.000331059	0.0235624	0.00034297
2.175	0.0328067	0.000400285	0.0189132	0.000303985	0.021167	0.000321319
2.225	0.0282688	0.000367485	0.0168192	0.000283434	0.0186503	0.000298674
2.275	0.0233054	0.000329798	0.0143694	0.000259115	0.0161697	0.000274694
2.325	0.0205818	0.000306761	0.0126001	0.000239661	0.0141882	0.000254604
2.375	0.0178522	0.000282598	0.0104897	0.000216493	0.0125269	0.000236768
2.425	0.0155808	0.000261301	0.00922333	0.000201032	0.0115685	0.000225039
2.475	0.012861	0.000234809	0.00792667	0.000184427	0.00946141	0.00020125
2.525	0.0112785	0.00021783	0.00707635	0.000172446	0.0085681	0.000189712
2.575	0.00945658	0.000197505	0.00580169	0.000154543	0.00787431	0.000180108
2.625	0.00772432	0.000176677	0.00525868	0.000145842	0.00690783	0.000167003
2.675	0.0070167	0.000167107	0.00458525	0.000134808	0.00599732	0.000154361
2.725	0.00598851	0.000152622	0.00377689	0.000121229	0.00528764	0.000143633
2.775	0.00533766	0.000142895	0.00308942	0.000108656	0.00454619	0.000131791
2.825	0.00452582	0.000130434	0.00304977	0.000106997	0.00398122	0.000122354
2.875	0.00401163	0.000121856	0.00243945	9.48628e-05	0.00358352	0.000115082
2.925	0.0031305	0.000106533	0.0023506	9.23202e-05	0.00322119	0.000108064
2.975	0.00259998	9.6272e-05	0.00200794	8.46086e-05	0.00274977	9.90051e-05
3.025	0.00228692	8.95433e-05	0.00175377	7.84181e-05	0.00251842	9.39641e-05
3.075	0.002022	8.35118e-05	0.00142506	7.01131e-05	0.00201165	8.32978e-05
3.125	0.0018063	7.82993e-05	0.00125626	6.53019e-05	0.00185044	7.92498e-05
3.175	0.00157735	7.25918e-05	0.00115628	6.21546e-05	0.00161076	7.33565e-05
3.225	0.00145419	6.91586e-05	0.00101004	5.764e-05	0.00144761	6.9002e-05
3.275	0.00121492	6.27305e-05	0.000826148	5.1731e-05	0.00124408	6.34786e-05
3.325	0.00102434	5.71667e-05	0.000794578	5.03502e-05	0.00108816	5.89203e-05
3.375	0.000845683	5.15576e-05	0.000685349	4.64143e-05	0.00098401	5.56137e-05
3.425	0.000681539	4.5946e-05	0.000631973	4.42439e-05	0.000830239	5.07104e-05
3.475	0.00065952	4.48714e-05	0.000497693	3.89802e-05	0.00067784	4.54903e-05
3.525	0.000632105	4.36163e-05	0.000394313	3.44498e-05	0.000758526	4.77786e-05
3.575	0.000465964	3.7186e-05	0.000368023	3.3048e-05	0.000608424	4.24913e-05
3.625	0.000439048	3.58463e-05	0.000304407	2.98485e-05	0.00054442	3.99163e-05
3.675	0.00040709	3.42816e-05	0.00025407	2.70832e-05	0.00051969	3.87331e-05
3.725	0.000236418	2.59495e-05	0.000207934	2.43362e-05	0.00043011	3.50001e-05
3.775	0.000275447	2.78234e-05	0.000230476	2.54511e-05	0.00032885	3.0401e-05
3.825	0.000238559	2.57237e-05	0.00016921	2.16647e-05	0.000266298	2.71781e-05
3.875	0.000227266	2.4945e-05	0.000216314	2.43366e-05	0.000260124	2.66873e-05
3.925	0.000208152	2.37205e-05	0.000113537	1.75189e-05	0.000243294	2.56447e-05
3.975	0.000165494	2.10174e-05	0.000173502	2.15198e-05	0.000192187	2.26489e-05
4.025	0.000121261	1.78787e-05	0.000129169	1.84524e-05	0.000171347	2.12525e-05
4.075	0.000148414	1.96576e-05	7.03016e-05	1.35294e-05	0.000169245	2.09917e-05
4.125	0.000113177	1.70618e-05	0.000102888	1.62678e-05	0.000120893	1.76338e-05
4.175	0.000116904	1.72363e-05	5.59107e-05	1.19201e-05	0.000119446	1.74227e-05
4.225	7.0317e-05	1.32885e-05	6.02717e-05	1.23028e-05	0.0001331	1.82824e-05
4.275	6.94946e-05	1.31331e-05	5.21209e-05	1.13736e-05	8.19043e-05	1.42576e-05
4.325	6.37846e-05	1.25091e-05	3.18923e-05	8.8453e-06	9.81302e-05	1.55155e-05
4.375	6.06305e-05	1.2126e-05	2.91026e-05	8.40117e-06	5.82052e-05	1.1881e-05
4.425	6.95366e-05	1.29125e-05	4.31607e-05	1.0173e-05	4.55585e-05	1.04518e-05
4.475	3.08233e-05	8.54881e-06	3.08233e-05	8.54881e-06	5.45335e-05	1.13709e-05
4.525	2.34482e-05	7.41496e-06	1.87586e-05	6.63215e-06	3.51724e-05	9.08142e-06
4.575	3.24688e-05	8.6776e-06	1.85536e-05	6.55966e-06	2.3192e-05	7.33392e-06
4.625	2.06471e-05	6.88236e-06	2.29413e-05	7.25464e-06	2.52354e-05	7.60872e-06
4.675	2.04263e-05	6.80875e-06	2.04263e-05	6.80875e-06	4.31222e-05	9.89285e-06
4.725	3.36836e-05	8.69702e-06	1.79646e-05	6.35142e-06	2.91924e-05	8.09649e-06
4.775	2.44426e-05	7.36971e-06	2.22206e-05	7.02674e-06	3.11088e-05	8.31414e-06
4.825	1.31942e-05	5.3865e-06	1.31942e-05	5.3865e-06	2.63884e-05	7.61764e-06
4.875	1.52353e-05	5.75841e-06	1.95883e-05	6.52941e-06	3.91766e-05	9.23396e-06
4.925	8.61753e-06	4.30876e-06	4.30876e-06	3.04675e-06	2.15438e-05	6.81273e-06
4.975	6.39819e-06	3.69399e-06	6.39819e-06	3.69399e-06	1.49291e-05	5.64266e-06

