0.225	340.627	1.14287	25.5815	0.302455	2.30598	0.090499
0.275	274.898	0.935891	24.316	0.266576	2.40469	0.0833911
0.325	222.54	0.77532	22.6318	0.238671	2.47302	0.0772355
0.375	182.682	0.646421	21.539	0.214138	2.23878	0.0692636
0.425	148.486	0.546762	19.9449	0.193944	2.28434	0.0647427
0.475	122.012	0.471951	18.8992	0.178183	2.2533	0.061018
0.525	100.645	0.40467	17.1508	0.161822	2.24181	0.0584233
0.575	83.9757	0.35305	15.7868	0.148986	2.18111	0.0548335
0.625	69.4947	0.306554	14.571	0.137131	2.16833	0.0525894
0.675	57.9619	0.268063	13.1344	0.126023	2.0808	0.0498678
0.725	48.2997	0.237341	11.7478	0.114381	2.00865	0.0467302
0.775	40.5742	0.210536	10.6223	0.104745	2.0495	0.0456068
0.825	34.28	0.185505	9.60235	0.0968805	1.8896	0.0423218
0.875	28.8116	0.166027	8.578	0.0892189	1.91441	0.0415916
0.925	24.0117	0.146022	7.73579	0.0819913	1.77823	0.0392297
0.975	20.6273	0.131531	6.88121	0.0753051	1.77927	0.0379359
1.025	17.4209	0.117802	5.93066	0.068458	1.71422	0.0367954
1.075	14.8207	0.106435	5.26692	0.062751	1.68408	0.0354722
1.125	12.8144	0.097226	4.69684	0.0579234	1.48757	0.0321662
1.175	10.7866	0.0868513	4.18611	0.0534163	1.47709	0.0316733
1.225	9.15368	0.0775006	3.64432	0.0492438	1.37913	0.0301608
1.275	7.85289	0.0712191	3.23116	0.0451149	1.28635	0.0281942
1.325	6.64487	0.0636999	2.82335	0.0412529	1.26183	0.0274191
1.375	5.71222	0.0580974	2.55227	0.0388217	1.19164	0.0262869
1.425	4.79419	0.0519134	2.20751	0.035229	1.11799	0.0251583
1.475	4.21949	0.0480029	1.93252	0.0324893	1.03532	0.0237192
1.525	3.71431	0.0443783	1.74601	0.0303114	0.977368	0.0225508
1.575	3.2023	0.0402541	1.48898	0.027548	0.905415	0.0213731
1.625	2.70221	0.0364152	1.32613	0.0255651	0.827606	0.0201388
1.675	2.31654	0.0336182	1.17395	0.0236101	0.783422	0.0192575
1.725	2.01135	0.0306752	1.03289	0.0220583	0.723348	0.0181918
1.775	1.71036	0.0276412	0.867955	0.0197089	0.665761	0.0171816
1.825	1.50783	0.0254482	0.788362	0.0186356	0.613074	0.0164264
1.875	1.32544	0.0238403	0.69434	0.0172198	0.580597	0.015677
1.925	1.14798	0.0217547	0.616777	0.0159715	0.532446	0.0148536
1.975	0.977896	0.0200674	0.543141	0.0147227	0.47545	0.0139831
2.025	0.830357	0.0180844	0.483359	0.0137055	0.425985	0.0129339
2.075	0.727127	0.0167529	0.426459	0.012847	0.400764	0.0125589
2.125	0.642611	0.015696	0.371861	0.0117691	0.356507	0.0115707
2.175	0.54442	0.0140435	0.336238	0.0110296	0.327457	0.0109698
2.225	0.475677	0.0131388	0.288267	0.0101759	0.276465	0.00998305
2.275	0.442836	0.0125529	0.244154	0.00923899	0.250101	0.00934302
2.325	0.361436	0.0111237	0.213918	0.00851877	0.237534	0.00901615
2.375	0.309933	0.0102083	0.18462	0.00789939	0.220471	0.00864925
2.425	0.262195	0.00931103	0.172937	0.00754836	0.196893	0.0080247
2.475	0.226032	0.00853278	0.140506	0.00667853	0.17909	0.00765937
2.525	0.21809	0.00833864	0.136464	0.00662302	0.156634	0.00698095
2.575	0.175534	0.00733841	0.111563	0.00583489	0.14154	0.00669632
2.625	0.15006	0.0067973	0.107013	0.00574207	0.137025	0.00648622
2.675	0.131191	0.0062633	0.0865684	0.00512476	0.112152	0.00579825
2.725	0.124112	0.00601299	0.0811836	0.00485272	0.104254	0.00551482
2.775	0.117	0.00576161	0.0754194	0.00463764	0.0949194	0.00522136
2.825	0.0912676	0.0050919	0.0566197	0.00397353	0.0898592	0.00505406
2.875	0.0858053	0.0048355	0.0500992	0.00372757	0.0794391	0.00465537
2.925	0.0688311	0.00433421	0.0492428	0.00364359	0.0704635	0.00438384
2.975	0.0601846	0.00402538	0.0430655	0.00340145	0.0655344	0.00417827
3.025	0.0494564	0.00360921	0.0339355	0.0029782	0.0547177	0.00377421
3.075	0.041665	0.00327041	0.0341601	0.00296343	0.0421825	0.00333096
3.125	0.0501656	0.00355651	0.0300485	0.00275801	0.0427808	0.00328672
3.175	0.0335855	0.00291325	0.0298259	0.00272599	0.0433603	0.00328234
3.225	0.0335583	0.00288895	0.0231947	0.00238672	0.0330647	0.00284677
3.275	0.0296441	0.00269763	0.0235695	0.00238731	0.0298871	0.00270842
3.325	0.0258477	0.00248047	0.0169925	0.00201305	0.0270444	0.00253692
3.375	0.0214564	0.00224412	0.0106103	0.00157991	0.0233427	0.00234022
3.425	0.0167287	0.00196794	0.0113848	0.00162441	0.0225373	0.00228276
3.475	0.017862	0.00201852	0.009389	0.00146481	0.01832	0.00204414
3.525	0.0164799	0.00195159	0.00903007	0.00142635	0.0158026	0.0019123
3.575	0.0166946	0.00194969	0.00957156	0.00145808	0.0166946	0.00192411
3.625	0.0118543	0.00164063	0.00856144	0.00136959	0.0125129	0.00165501
3.675	0.0103938	0.00149841	0.00714573	0.00124289	0.0132088	0.00168863
3.725	0.00662255	0.00118852	0.00704982	0.0012262	0.0136724	0.00170631
3.775	0.00737804	0.00124603	0.00758884	0.00126367	0.0130697	0.00165728
3.825	0.00644942	0.00115745	0.00416091	0.000929943	0.0095701	0.00140941
3.875	0.00616084	0.00112397	0.0036965	0.000870882	0.0106788	0.00147895
3.925	0.00547412	0.00105278	0.0040549	0.00090625	0.00729883	0.00121538
3.975	0.00500487	0.00100035	0.00460448	0.000959549	0.0078076	0.001249
4.025	0.00276791	0.000739497	0.00395416	0.000883735	0.00612895	0.00109994
4.075	0.00390564	0.000872892	0.00273395	0.000730423	0.00527262	0.00101403
4.125	0.00366539	0.000840498	0.00289373	0.000746877	0.00443705	0.000924656
4.175	0.00266847	0.000712928	0.00228726	0.000660076	0.00209665	0.00063199
4.225	0.00226019	0.000652264	0.00226019	0.000652264	0.00226019	0.000652264
4.275	0.00130302	0.00049241	0.000930731	0.000416183	0.00409521	0.000872622
4.325	0.00202394	0.000610072	0.000735977	0.000367952	0.00275991	0.000712339
4.375	0.00145513	0.000514364	0.00127324	0.000481155	0.00272837	0.000704198
4.425	0.0019782	0.000596285	0.00125885	0.000475718	0.00269754	0.000696241
4.475	0.00231175	0.000640955	0.00177827	0.000562197	0.00213392	0.000615825
4.525	0.000527585	0.000304579	0.000879309	0.00039319	0.00246207	0.000657784
4.575	0.000695759	0.000347845	0.000521819	0.00030125	0.00121758	0.000460121
4.625	0.00103236	0.000421395	0.00103236	0.000421395	0.00189265	0.0005705
4.675	0.000680877	0.000340404	0.000340438	0.000240714	0.00136175	0.000481356
4.725	0.000673672	0.000336802	0.000336836	0.000238167	0.00168418	0.000532451
4.775	0.000499963	0.000288632	0	0	0.00116658	0.000440849
4.825	0.000164927	0.000164923	0.000329855	0.000233231	0.00131942	0.000466392
4.875	0.000652943	0.000326439	0.000163236	0.000163232	0.00114265	0.000431806
4.925	0.00113105	0.000427422	0.000969472	0.000395726	0.00129263	0.000456922
4.975	0.000479864	0.000277029	0.000319909	0.000226199	0.000159955	0.000159951

