0.225	9.05328	0.0316601	0.904375	0.00963685	0.133629	0.00370126
0.275	7.13343	0.0253545	0.822467	0.00833325	0.123324	0.00321529
0.325	5.63623	0.0206912	0.760231	0.0073554	0.120798	0.00292787
0.375	4.46185	0.017119	0.686944	0.00653448	0.121587	0.00273476
0.425	3.53653	0.0142498	0.614693	0.00578426	0.111836	0.00246335
0.475	2.82958	0.0120363	0.54766	0.00517847	0.11088	0.00232235
0.525	2.25444	0.0102001	0.48339	0.00463131	0.106596	0.00216261
0.575	1.79459	0.00867633	0.423726	0.0041368	0.0950828	0.00195428
0.625	1.45458	0.00747359	0.368005	0.0037052	0.0940378	0.00186353
0.675	1.16576	0.00641141	0.314736	0.00329125	0.0899051	0.00175375
0.725	0.942234	0.00556001	0.277554	0.00298102	0.0831327	0.00162726
0.775	0.776861	0.00487268	0.236608	0.00266716	0.0754802	0.00149875
0.825	0.627315	0.00423883	0.205121	0.00240605	0.070012	0.00139854
0.875	0.512898	0.00371533	0.1746	0.00214614	0.0640102	0.00129756
0.925	0.417749	0.00326382	0.143617	0.00189622	0.0587817	0.00121204
0.975	0.34278	0.0028774	0.123728	0.00171743	0.05227	0.0011111
1.025	0.280519	0.00253154	0.108476	0.00156575	0.0501024	0.00106188
1.075	0.233009	0.00225035	0.089586	0.00138808	0.0430999	0.000961137
1.125	0.19562	0.00201741	0.075938	0.00125011	0.0383172	0.000886063
1.175	0.158904	0.0017785	0.0668634	0.0011489	0.0360788	0.0008418
1.225	0.133159	0.00158783	0.0558401	0.00102778	0.032669	0.000784224
1.275	0.108385	0.00140343	0.0489521	0.000942143	0.0295086	0.000731594
1.325	0.0916014	0.00126968	0.0404277	0.000839905	0.0254216	0.00066824
1.375	0.0747316	0.00112192	0.035707	0.00077521	0.02314	0.000624312
1.425	0.0643488	0.00102167	0.0304121	0.000702125	0.0206466	0.000577233
1.475	0.0520614	0.000903925	0.0263353	0.000642489	0.0182754	0.000535658
1.525	0.0445681	0.000824922	0.0209546	0.000562088	0.0165733	0.000499989
1.575	0.0368339	0.000736487	0.0179635	0.000513411	0.0139553	0.000452455
1.625	0.0309083	0.000663367	0.0153833	0.000467082	0.012973	0.000429058
1.675	0.0252953	0.000592276	0.0132185	0.000426549	0.011114	0.000391726
1.725	0.0223716	0.000547269	0.0117668	0.000396631	0.0102843	0.000370413
1.775	0.0184835	0.000489994	0.00976094	0.000355751	0.00844996	0.000331533
1.825	0.0146064	0.000429054	0.00775136	0.00031319	0.00766299	0.000311407
1.875	0.0130864	0.000401069	0.00721289	0.000297581	0.00656164	0.000284371
1.925	0.0111547	0.000365137	0.00615183	0.000273349	0.00579278	0.000263216
1.975	0.00929744	0.000329555	0.00519117	0.000246558	0.00475954	0.000235563
2.025	0.00780497	0.000298715	0.00422106	0.000219087	0.00443723	0.000224624
2.075	0.00651767	0.000268899	0.00391948	0.00020856	0.00394169	0.000209149
2.125	0.0050741	0.000234471	0.00331768	0.000189617	0.00357789	0.0001981
2.175	0.00492568	0.000228346	0.00262703	0.000166786	0.00287066	0.000174346
2.225	0.00413157	0.000206777	0.00249551	0.000160722	0.00263012	0.000164998
2.275	0.00374708	0.000195799	0.00219761	0.00014916	0.00267359	0.000165139
2.325	0.00268546	0.000163098	0.00183325	0.000134765	0.00217017	0.000146623
2.375	0.0023185	0.000149945	0.00157153	0.000123457	0.00160064	0.000124594
2.425	0.00220419	0.00014531	0.00110209	0.000102318	0.00164364	0.000124948
2.475	0.00176869	0.000128296	0.00108914	0.000100682	0.00138702	0.000113617
2.525	0.00150555	0.000117193	0.000903329	9.07815e-05	0.00108582	9.95284e-05
2.575	0.00146737	0.000114569	0.000787368	8.39283e-05	0.000957368	9.25451e-05
2.625	0.00121999	0.000103468	0.00065827	7.60064e-05	0.000921578	8.993e-05
2.675	0.00101632	9.35518e-05	0.00056845	6.9968e-05	0.000757933	8.07908e-05
2.725	0.000862394	8.53835e-05	0.00054111	6.76356e-05	0.000701752	7.70227e-05
2.775	0.000556268	6.79556e-05	0.000390218	5.69172e-05	0.000556268	6.79556e-05
2.825	0.000546422	6.67529e-05	0.000301756	4.9607e-05	0.000464867	6.15706e-05
2.875	0.000568974	6.75214e-05	0.00034459	5.25479e-05	0.000416714	5.77856e-05
2.925	0.000448974	5.94656e-05	0.000299316	4.85541e-05	0.00036233	5.34208e-05
2.975	0.000371729	5.36526e-05	0.000247819	4.38077e-05	0.000263308	4.51558e-05
3.025	0.000350352	5.16549e-05	0.000220874	4.10144e-05	0.000350352	5.16549e-05
3.075	0.000277223	4.55739e-05	0.000187313	3.74619e-05	0.000292208	4.67894e-05
3.125	0.00028016	4.54467e-05	0.000147453	3.29709e-05	0.000213806	3.9702e-05
3.175	0.000224952	4.04017e-05	0.000116104	2.90257e-05	0.000174157	3.55489e-05
3.225	0.000121448	2.94552e-05	0.00010716	2.76684e-05	0.000185744	3.64268e-05
3.275	0.000105524	2.72459e-05	0.000126629	2.98464e-05	0.000147734	3.22377e-05
3.325	0.000145512	3.17529e-05	6.92916e-05	2.19118e-05	0.000117796	2.85693e-05
3.375	0.000102398	2.64387e-05	6.14385e-05	2.04794e-05	0.000109224	2.73057e-05
3.425	6.72685e-05	2.1272e-05	3.36342e-05	1.50416e-05	8.7449e-05	2.42538e-05
3.475	7.95607e-05	2.2967e-05	7.95607e-05	2.2967e-05	9.94509e-05	2.56778e-05
3.525	7.84322e-05	2.26412e-05	7.18962e-05	2.16773e-05	5.88241e-05	1.96079e-05
3.575	3.2223e-05	1.44105e-05	5.80014e-05	1.93337e-05	7.73352e-05	2.23246e-05
3.625	7.62685e-05	2.20166e-05	2.54228e-05	1.27114e-05	3.17786e-05	1.42118e-05
3.675	5.64232e-05	1.88076e-05	4.38847e-05	1.65868e-05	4.38847e-05	1.65868e-05
3.725	3.71105e-05	1.51502e-05	3.71105e-05	1.51502e-05	3.09254e-05	1.38302e-05
3.775	3.05158e-05	1.3647e-05	1.83095e-05	1.0571e-05	1.83095e-05	1.0571e-05
3.825	2.40935e-05	1.20467e-05	3.01169e-05	1.34687e-05	3.01169e-05	1.34687e-05
3.875	1.18913e-05	8.40843e-06	1.7837e-05	1.02982e-05	2.97283e-05	1.32949e-05
3.925	3.52195e-05	1.43783e-05	1.76098e-05	1.0167e-05	2.93496e-05	1.31255e-05
3.975	1.15922e-05	8.1969e-06	1.73883e-05	1.00391e-05	1.73883e-05	1.00391e-05
4.025	5.72409e-06	5.72408e-06	1.14482e-05	8.09507e-06	5.72409e-06	5.72408e-06
4.075	3.39231e-05	1.3849e-05	1.69616e-05	9.79274e-06	2.26154e-05	1.13077e-05
4.125	5.58532e-06	5.58532e-06	0	0	5.58532e-06	5.58532e-06
4.175	5.51843e-06	5.51843e-06	1.10369e-05	7.80423e-06	1.65553e-05	9.55818e-06
4.225	5.45313e-06	5.45312e-06	1.63594e-05	9.44507e-06	5.45313e-06	5.45312e-06
4.275	0	0	5.38935e-06	5.38934e-06	0	0
4.325	5.32704e-06	5.32704e-06	0	0	3.19622e-05	1.30485e-05
4.375	5.26616e-06	5.26616e-06	0	0	5.26616e-06	5.26616e-06
4.425	1.04133e-05	7.36331e-06	0	0	5.20666e-06	5.20665e-06
4.475	0	0	1.0297e-05	7.28104e-06	1.54454e-05	8.91741e-06
4.525	1.01832e-05	7.20059e-06	0	0	0	0
4.575	5.03595e-06	5.03594e-06	0	0	5.03595e-06	5.03594e-06
4.625	0	0	0	0	0	0
4.675	0	0	0	0	4.92823e-06	4.92822e-06
4.725	0	0	4.87608e-06	4.87607e-06	0	0
4.775	1.44751e-05	8.35716e-06	0	0	9.65003e-06	6.82359e-06
4.825	4.77502e-06	4.77501e-06	0	0	0	0
4.875	0	0	0	0	0	0
4.925	0	0	0	0	4.67806e-06	4.67806e-06
4.975	0	0	0	0	4.63105e-06	4.63104e-06

