0.225	105.279	0.638692	10.048	0.189323	1.19897	0.0651433
0.275	81.8143	0.509484	9.74896	0.168172	1.12566	0.0572515
0.325	63.9509	0.418238	8.64089	0.147041	1.22182	0.0544518
0.375	50.4797	0.342716	7.60973	0.127519	1.11408	0.048261
0.425	39.9966	0.286169	6.93167	0.115009	1.06727	0.044772
0.475	31.5395	0.239641	6.33102	0.10399	1.02194	0.0413567
0.525	24.9631	0.201383	5.41885	0.0905148	0.97615	0.0383839
0.575	20.1822	0.172888	4.69715	0.0811716	0.999216	0.0371853
0.625	15.8888	0.14726	3.97505	0.0715358	0.923099	0.034418
0.675	12.9022	0.126004	3.54974	0.0650837	0.86651	0.0319397
0.725	10.5273	0.109892	2.96797	0.0570173	0.860534	0.0307973
0.775	8.31097	0.0947356	2.68304	0.0528941	0.772158	0.0283764
0.825	6.61699	0.0818073	2.24553	0.0467498	0.728254	0.0263543
0.875	5.39308	0.0709945	1.94169	0.0421608	0.70301	0.0253855
0.925	4.51742	0.063326	1.5752	0.0371163	0.609951	0.0227591
0.975	3.51936	0.0540797	1.38261	0.0335182	0.563164	0.0214112
1.025	2.94864	0.0483518	1.22899	0.0309935	0.520165	0.0202087
1.075	2.35697	0.0421953	0.943826	0.0265433	0.474504	0.0187045
1.125	1.88086	0.0368198	0.833265	0.024181	0.432194	0.017731
1.175	1.59087	0.0331724	0.703668	0.0218935	0.380617	0.0160869
1.225	1.31546	0.0294982	0.567761	0.0192466	0.336499	0.0147647
1.275	1.05604	0.0259213	0.499934	0.0176634	0.312069	0.0140327
1.325	0.869046	0.0230292	0.404193	0.0156654	0.286479	0.0131804
1.375	0.697967	0.0202253	0.373869	0.0146998	0.25349	0.0120902
1.425	0.585243	0.0179491	0.304349	0.0130983	0.239012	0.0115374
1.475	0.472609	0.0160192	0.259503	0.0118867	0.194223	0.0103428
1.525	0.403366	0.014528	0.195682	0.0101717	0.17481	0.00961322
1.575	0.317805	0.0126537	0.170271	0.00927965	0.154102	0.00875634
1.625	0.269339	0.0114729	0.130752	0.00809775	0.140056	0.00822228
1.675	0.210465	0.009979	0.112121	0.00728632	0.131125	0.00786687
1.725	0.181298	0.00919492	0.107487	0.00706112	0.109794	0.00716408
1.775	0.144809	0.00801715	0.0896648	0.00634026	0.0923547	0.00643275
1.825	0.113807	0.00710618	0.0732549	0.00566163	0.0880803	0.00619669
1.875	0.106103	0.00672229	0.065784	0.0052975	0.065784	0.00526339
1.925	0.0901189	0.00607027	0.0479532	0.00443941	0.0649021	0.00515938
1.975	0.0773614	0.00558536	0.0463362	0.00434596	0.0596327	0.00491674
2.025	0.063662	0.00498146	0.0377256	0.0038411	0.0499078	0.00444937
2.075	0.0513898	0.00452313	0.0279959	0.00327069	0.0410351	0.00399339
2.125	0.0434399	0.00402158	0.0284606	0.00325845	0.0344524	0.00362256
2.175	0.0307334	0.00334624	0.0252453	0.00303393	0.0329286	0.00346316
2.225	0.0293274	0.00327136	0.0193132	0.00267293	0.0228897	0.00285663
2.275	0.0272837	0.00308324	0.0181891	0.0025191	0.0209875	0.0027054
2.325	0.0188248	0.00253484	0.0157444	0.00231871	0.019167	0.00260311
2.375	0.0140726	0.00216918	0.0113921	0.00195208	0.0164181	0.00234257
2.425	0.0137825	0.00217455	0.0108291	0.00188355	0.0114854	0.00193969
2.475	0.00835965	0.0016384	0.0064305	0.00143718	0.00868118	0.00166957
2.525	0.00819412	0.00160595	0.00472737	0.00122015	0.0110305	0.00186287
2.575	0.00648981	0.00141545	0.0040175	0.00111389	0.00896212	0.00166302
2.625	0.00788196	0.00154477	0.00454728	0.00117366	0.0069725	0.00145303
2.675	0.00505726	0.00122604	0.00327234	0.000986378	0.0041648	0.0011127
2.725	0.00467244	0.00116764	0.0032123	0.000968279	0.00700866	0.00142978
2.775	0.00286766	0.000906606	0.00143383	0.000641147	0.00487502	0.00118186
2.825	0.00366197	0.00101532	0.00338028	0.000975511	0.00338028	0.000975511
2.875	0.00276791	0.000875072	0.00221433	0.000782727	0.00359829	0.00099766
2.925	0.0027206	0.000860113	0.00108824	0.000544065	0.00217648	0.000769347
2.975	0.00240739	0.000802281	0.00133744	0.000598045	0.00267487	0.000845658
3.025	0.00131533	0.00058816	0.00210453	0.000743914	0.00105226	0.000526079
3.075	0.00129394	0.000578596	0.00129394	0.000578596	0.00155273	0.000633805
3.125	0.000509296	0.000360109	0.000254648	0.000254642	0.00178254	0.000673617
3.175	0.00125319	0.000560373	0.000751913	0.000434085	0.000751913	0.000434085
3.225	0.000740256	0.000427355	0.000740256	0.000427355	0.000740256	0.000427355
3.275	0.000728954	0.00042083	0.000728954	0.00042083	0.000728954	0.00042083
3.325	0.000717992	0.000414502	0	0	0.000478661	0.000338448
3.375	0.000235785	0.000235779	0	0	0.00094314	0.000471523
3.425	0.00116171	0.00051947	0	0	0	0
3.475	0	0	0.000229	0.000228994	0.000229	0.000228994
3.525	0.000225752	0.000225746	0.000451503	0.000319245	0.000225752	0.000225746
3.575	0.000445189	0.00031478	0	0	0.000445189	0.00031478
3.625	0	0	0	0	0	0
3.675	0	0	0.000216537	0.000216532	0.000216537	0.000216532
3.725	0.000427262	0.000302104	0	0	0.000427262	0.000302104
3.775	0	0	0	0	0	0
3.825	0	0	0	0	0.000208046	0.00020804
3.875	0.000205361	0.000205356	0	0	0	0
3.925	0	0	0	0	0	0
3.975	0.00040039	0.000283104	0	0	0	0
4.025	0.000395416	0.000279587	0	0	0	0
4.075	0	0	0.000195282	0.000195277	0	0
4.125	0	0	0	0	0	0
4.175	0	0	0	0	0	0
4.225	0	0	0	0	0	0
4.275	0.000186146	0.000186141	0	0	0	0
4.325	0	0	0	0	0	0
4.375	0	0	0	0	0	0
4.425	0	0	0	0	0	0
4.475	0.000177827	0.000177822	0	0	0	0
4.525	0	0	0	0	0	0
4.575	0	0	0	0	0	0
4.625	0	0	0	0	0	0
4.675	0	0	0	0	0	0
4.725	0	0	0	0	0	0
4.775	0	0	0	0	0	0
4.825	0	0	0	0	0	0
4.875	0	0	0	0	0	0
4.925	0	0	0	0	0	0
4.975	0	0	0	0	0.000159955	0.000159951

