0.225	78.3538	0.0635401	6.79198	0.0179561	0.813034	0.00619982
0.275	62.3895	0.0512469	6.40447	0.0157827	0.800752	0.00555955
0.325	49.8352	0.0421	5.95223	0.0139997	0.786993	0.00507478
0.375	39.9133	0.0349446	5.50229	0.0125442	0.758087	0.00463338
0.425	32.0737	0.0293677	5.01844	0.0112528	0.740576	0.00430663
0.475	25.9185	0.0248954	4.55424	0.0101401	0.711428	0.00398866
0.525	21.0387	0.0212673	4.10779	0.00915595	0.699776	0.00376179
0.575	17.1698	0.0183258	3.67837	0.00828417	0.676219	0.00353343
0.625	14.0181	0.0158438	3.26287	0.00748035	0.656007	0.00334013
0.675	11.5167	0.0137805	2.90792	0.00680012	0.625758	0.00313532
0.725	9.46512	0.0120308	2.55201	0.0061442	0.595349	0.00295433
0.775	7.83745	0.0105773	2.22899	0.00555306	0.565086	0.00278368
0.825	6.48579	0.00929825	1.96048	0.00504366	0.534941	0.00262518
0.875	5.399	0.00822578	1.72125	0.00459138	0.514995	0.00250037
0.925	4.49542	0.00729693	1.503	0.00417512	0.484003	0.00235838
0.975	3.74451	0.00647009	1.32037	0.00380751	0.452979	0.00222096
1.025	3.13049	0.0057696	1.14222	0.00345589	0.421349	0.00208982
1.075	2.61709	0.005141	0.98831	0.00313759	0.396175	0.00198084
1.125	2.20129	0.00460655	0.85971	0.00285877	0.370739	0.00187129
1.175	1.8475	0.00411936	0.740177	0.00259248	0.343892	0.00176459
1.225	1.553	0.00369844	0.643116	0.00236826	0.315322	0.00165476
1.275	1.30914	0.0033244	0.559102	0.00216316	0.292163	0.00156207
1.325	1.10323	0.00299402	0.483567	0.00197187	0.268349	0.00146939
1.375	0.932706	0.00270366	0.419845	0.00180543	0.245619	0.00137803
1.425	0.78576	0.00243293	0.363767	0.00164901	0.224798	0.00129505
1.475	0.664573	0.00220058	0.312692	0.00150433	0.205545	0.00121673
1.525	0.565764	0.00199395	0.271826	0.00137731	0.185267	0.00113678
1.575	0.477667	0.00180083	0.23303	0.00125602	0.16922	0.00106832
1.625	0.406144	0.00163461	0.203425	0.00115491	0.151849	0.00099662
1.675	0.347246	0.00148958	0.17501	0.00105445	0.135679	0.000927854
1.725	0.294192	0.00134964	0.15405	0.000974543	0.125393	0.000879408
1.775	0.251002	0.00122815	0.129291	0.000880383	0.111047	0.000815176
1.825	0.214038	0.00111877	0.1124	0.000808857	0.100446	0.00076505
1.875	0.183686	0.00102273	0.0992787	0.000750577	0.0911413	0.000719788
1.925	0.154834	0.000925909	0.0857204	0.000688139	0.0801976	0.000665381
1.975	0.131907	0.00084349	0.0738962	0.00062998	0.0722523	0.0006238
2.025	0.112124	0.000767459	0.0634629	0.000577273	0.0632638	0.000575859
2.075	0.0970679	0.000705924	0.0557975	0.000534801	0.057439	0.000542766
2.125	0.0832249	0.00064484	0.0482333	0.000490946	0.0511543	0.000505291
2.175	0.0717941	0.000592521	0.0417096	0.000451587	0.0459537	0.000473645
2.225	0.0602905	0.000536566	0.0360847	0.000415364	0.041664	0.000446073
2.275	0.0527345	0.000496561	0.0317704	0.000385189	0.0371618	0.000416881
2.325	0.0447003	0.00045221	0.0272765	0.000353057	0.0318219	0.000381341
2.375	0.0380855	0.000412817	0.0235974	0.000324791	0.0286769	0.000358336
2.425	0.033428	0.000382418	0.0205556	0.000299748	0.0249747	0.000330691
2.475	0.028097	0.000347521	0.017761	0.000276156	0.0219966	0.000307155
2.525	0.0244563	0.000320999	0.0150478	0.000251511	0.0199474	0.000289671
2.575	0.0206726	0.000292011	0.0137007	0.000237623	0.0174009	0.000267774
2.625	0.0185004	0.000273638	0.0116774	0.000217348	0.0148464	0.000245135
2.675	0.0157509	0.000250187	0.0100868	0.000199931	0.0135693	0.000231868
2.725	0.0131685	0.000226317	0.00888153	0.000185984	0.0120121	0.000216395
2.775	0.0116236	0.000210671	0.00754385	0.000170068	0.0106371	0.000201847
2.825	0.0103887	0.000197635	0.00631737	0.000154042	0.00932207	0.000187188
2.875	0.00870601	0.000179335	0.00580154	0.000146248	0.00813397	0.000173211
2.925	0.00739277	0.000163728	0.00513649	0.000136436	0.00742542	0.000164169
2.975	0.00647676	0.000151976	0.00435826	0.000124624	0.00636976	0.000150634
3.025	0.00534199	0.000136905	0.00383375	0.000116025	0.0055314	0.000139217
3.075	0.00483072	0.000129046	0.00343326	0.000108806	0.00488938	0.00013001
3.125	0.00439013	0.000122226	0.00278755	9.72594e-05	0.00437994	0.000121895
3.175	0.00364594	0.000110342	0.00250304	9.14361e-05	0.00373617	0.000111698
3.225	0.00294786	9.84517e-05	0.00220761	8.52046e-05	0.0031979	0.00010254
3.275	0.00273115	9.40393e-05	0.00193416	7.91441e-05	0.00300653	9.877e-05
3.325	0.00215717	8.3072e-05	0.0016083	7.16275e-05	0.00265498	9.20192e-05
3.375	0.00196488	7.85787e-05	0.00148387	6.82901e-05	0.00228869	8.48038e-05
3.425	0.00175342	7.36876e-05	0.00121438	6.13274e-05	0.00193619	7.75554e-05
3.475	0.00145033	6.65353e-05	0.00101676	5.57119e-05	0.00182895	7.47138e-05
3.525	0.00138762	6.4618e-05	0.000960197	5.3755e-05	0.00155317	6.83628e-05
3.575	0.00121685	6.00877e-05	0.000890377	5.14008e-05	0.0014068	6.46061e-05
3.625	0.000968833	5.3246e-05	0.00072882	4.61832e-05	0.00117079	5.85319e-05
3.675	0.000785309	4.7612e-05	0.00060053	4.16364e-05	0.00105382	5.51525e-05
3.725	0.00073489	4.57483e-05	0.000589621	4.09787e-05	0.000934279	5.17383e-05
3.775	0.000595865	4.09213e-05	0.000458141	3.58825e-05	0.000857258	4.90815e-05
3.825	0.000607493	4.10476e-05	0.0004577	3.563e-05	0.000735095	4.51525e-05
3.875	0.000498343	3.69374e-05	0.000418937	3.38673e-05	0.000605131	4.07025e-05
3.925	0.000386567	3.23249e-05	0.000313579	2.9114e-05	0.000605532	4.04558e-05
3.975	0.000333658	2.9842e-05	0.000298958	2.82478e-05	0.000541861	3.80286e-05
4.025	0.000329513	2.94713e-05	0.00025043	2.56928e-05	0.000390144	3.2068e-05
4.075	0.000286414	2.73075e-05	0.000244754	2.52436e-05	0.000387961	3.17814e-05
4.125	0.00023407	2.45365e-05	0.000162049	2.04158e-05	0.000344675	2.97741e-05
4.175	0.000208394	2.30127e-05	0.000157567	2.00106e-05	0.000299885	2.76055e-05
4.225	0.000203417	2.26013e-05	0.000140634	1.87927e-05	0.000258666	2.54862e-05
4.275	0.000196074	2.20595e-05	0.000148917	1.92247e-05	0.000228339	2.38053e-05
4.325	0.000149649	1.91601e-05	0.00012021	1.71725e-05	0.000186447	2.13864e-05
4.375	0.000147938	1.89412e-05	7.51818e-05	1.35029e-05	0.000186742	2.12807e-05
4.425	0.000124686	1.72906e-05	0.000100708	1.55394e-05	0.000146267	1.87271e-05
4.475	0.000109067	1.60808e-05	5.69046e-05	1.16155e-05	0.000125664	1.7261e-05
4.525	0.000112552	1.62452e-05	9.14481e-05	1.46432e-05	0.000110207	1.60751e-05
4.575	5.79799e-05	1.15959e-05	7.18951e-05	1.29126e-05	0.000136833	1.78137e-05
4.625	4.81766e-05	1.05129e-05	5.73531e-05	1.14705e-05	8.94709e-05	1.43266e-05
4.675	4.9931e-05	1.06452e-05	6.12789e-05	1.1793e-05	0.000106671	1.55593e-05
4.725	4.7157e-05	1.02904e-05	5.61393e-05	1.12278e-05	7.63495e-05	1.30937e-05
4.775	5.11073e-05	1.06565e-05	3.11088e-05	8.31414e-06	8.88823e-05	1.40533e-05
4.825	3.07864e-05	8.22799e-06	3.29855e-05	8.51677e-06	6.817e-05	1.22436e-05
4.875	2.82942e-05	7.84737e-06	3.70001e-05	8.9738e-06	6.31179e-05	1.17206e-05
4.925	2.36982e-05	7.14525e-06	1.50807e-05	5.69994e-06	4.5242e-05	9.87255e-06
4.975	2.13273e-05	6.74426e-06	2.346e-05	7.07344e-06	3.41237e-05	8.53087e-06

