0.225	229.144	0.938548	18.4832	0.257492	2.10438	0.0862929
0.275	182.033	0.754479	17.5273	0.226315	1.90118	0.0746457
0.325	146.276	0.62143	16.4738	0.202515	1.99556	0.0701064
0.375	116.015	0.512667	15.5632	0.184371	1.84408	0.0629951
0.425	93.7217	0.434979	13.9495	0.161667	1.94169	0.0611689
0.475	75.6656	0.368238	12.8865	0.147767	1.81604	0.0549863
0.525	62.0234	0.314771	11.8093	0.133404	1.82195	0.052677
0.575	50.722	0.272252	10.4973	0.122419	1.77977	0.0496165
0.625	41.0976	0.234845	9.38632	0.109652	1.51897	0.043956
0.675	34.0391	0.205297	8.45997	0.100764	1.64342	0.0438402
0.725	27.7435	0.179158	7.45394	0.0904263	1.57069	0.0418338
0.775	23.3588	0.158365	6.76152	0.0838649	1.52789	0.0396524
0.825	19.1632	0.138268	5.7672	0.0750361	1.39381	0.0369899
0.875	16.0583	0.123058	5.00565	0.0678707	1.37328	0.0350819
0.925	13.1935	0.107981	4.48301	0.0618773	1.24141	0.0329044
0.975	11.0258	0.0965797	3.76667	0.055236	1.23406	0.0317964
1.025	9.23564	0.0858306	3.44318	0.0517874	1.15446	0.0302129
1.075	7.73789	0.0765789	2.93289	0.0466956	1.08077	0.0283762
1.125	6.41359	0.0675607	2.5486	0.0428865	1.01859	0.0269011
1.175	5.46274	0.0616227	2.20853	0.0389601	0.950866	0.0253355
1.225	4.58496	0.0553629	1.95273	0.0360063	0.891268	0.024096
1.275	3.88837	0.0491341	1.65958	0.0322232	0.81013	0.022674
1.325	3.21133	0.0442704	1.48284	0.0299463	0.768148	0.0214301
1.375	2.71895	0.0399814	1.28539	0.0274667	0.713014	0.0202652
1.425	2.30021	0.0358998	1.04149	0.0242203	0.680736	0.0195589
1.475	1.94978	0.0327413	0.928494	0.0223548	0.557852	0.0175032
1.525	1.65312	0.0294918	0.790557	0.0202923	0.577132	0.0172504
1.575	1.38692	0.026468	0.676535	0.0184356	0.53658	0.0164778
1.625	1.15816	0.0237765	0.593036	0.0169758	0.430943	0.0144881
1.675	0.986761	0.0217781	0.509296	0.0154279	0.404776	0.0139138
1.725	0.821147	0.0196891	0.471006	0.0148117	0.399041	0.0135567
1.775	0.734803	0.018093	0.375247	0.0130243	0.342968	0.0125349
1.825	0.610893	0.0164478	0.347089	0.0123971	0.317002	0.0117373
1.875	0.535185	0.0151931	0.306002	0.0113645	0.286479	0.0110528
1.925	0.439846	0.0134042	0.253408	0.0102618	0.250101	0.0101655
1.975	0.359005	0.0120562	0.222414	0.00945597	0.221205	0.00941438
2.025	0.317131	0.0112011	0.178411	0.00842558	0.206705	0.00899704
2.075	0.261551	0.00997664	0.169126	0.00803787	0.172961	0.00821482
2.125	0.230307	0.00926485	0.137809	0.0071958	0.1629	0.00776126
2.175	0.190254	0.00834705	0.117079	0.00651296	0.148179	0.00734302
2.225	0.17811	0.00799413	0.103719	0.00613031	0.135192	0.00692456
2.275	0.149011	0.00717648	0.0874478	0.00558435	0.125575	0.00662349
2.325	0.128008	0.00661036	0.0770105	0.00515076	0.105761	0.00612485
2.375	0.103534	0.00586337	0.0683529	0.00480812	0.090467	0.00559018
2.425	0.093524	0.00553929	0.0603804	0.00447913	0.0833512	0.00525841
2.475	0.0797382	0.00505239	0.0450135	0.00381817	0.0710571	0.00477503
2.525	0.0633468	0.00446792	0.0447525	0.00374219	0.0560982	0.00418598
2.575	0.0618077	0.00439227	0.0336852	0.00321765	0.0525366	0.00401221
2.625	0.0575989	0.00418081	0.037894	0.00337874	0.0421382	0.00356167
2.675	0.0371857	0.00334217	0.032426	0.00309737	0.0458128	0.00367746
2.725	0.0359194	0.00325507	0.021318	0.00249053	0.042344	0.00350371
2.775	0.0295369	0.00295897	0.0217942	0.00249521	0.0312575	0.00298575
2.825	0.0261972	0.0027102	0.0180282	0.00224991	0.0287324	0.00283767
2.875	0.0229737	0.00254671	0.0171611	0.00217608	0.0207593	0.00239258
2.925	0.0201324	0.00233601	0.0155074	0.00205108	0.0242133	0.00256089
2.975	0.0192591	0.00226562	0.010967	0.001711	0.0187241	0.00223404
3.025	0.012101	0.00178215	0.0105226	0.00166211	0.0215714	0.00237728
3.075	0.0090576	0.00152967	0.00879881	0.0015077	0.0131982	0.00184576
3.125	0.00967662	0.00156826	0.00687549	0.0013223	0.0145149	0.00191981
3.175	0.00726849	0.00134875	0.00776977	0.00139441	0.0115293	0.00169795
3.225	0.0066623	0.00128129	0.00641555	0.00125737	0.0113506	0.00167163
3.275	0.00534566	0.00113907	0.00510268	0.00111291	0.00680357	0.00128485
3.325	0.00406862	0.000986366	0.00287197	0.000828817	0.00861591	0.00143469
3.375	0.00660198	0.00124678	0.0047157	0.00105394	0.00730934	0.00131178
3.425	0.00418217	0.000985304	0.00255577	0.000770383	0.00580857	0.00116099
3.475	0.003435	0.00088658	0.003435	0.00088658	0.005267	0.00109761
3.525	0.00225752	0.000713711	0.00248327	0.000748528	0.00519229	0.00108204
3.575	0.00244854	0.000738059	0.0040067	0.000943963	0.00422929	0.000969805
3.625	0.00439048	0.00098125	0.00219524	0.000694022	0.00351238	0.000877745
3.675	0.00129922	0.000530326	0.00129922	0.000530326	0.00281499	0.000780483
3.725	0.00128178	0.000523208	0.00234994	0.000708338	0.00213631	0.000675391
3.775	0.00252961	0.000730018	0.00105401	0.000471307	0.00316202	0.000816124
3.825	0.000624137	0.000360319	0.00145632	0.000550341	0.00104023	0.000465146
3.875	0.00123217	0.000502955	0.00102681	0.000459144	0.00143753	0.00054324
3.925	0.00101373	0.000453295	0.00162196	0.000573335	0.00243294	0.000702119
3.975	0.00140136	0.000529573	0.00080078	0.00040035	0.00120117	0.000490302
4.025	0.00098854	0.000442033	0.00098854	0.000442033	0.00098854	0.000442033
4.075	0.000976411	0.00043661	0.000976411	0.00043661	0.00156226	0.000552231
4.125	0.000578745	0.000334114	0.000192915	0.00019291	0.00038583	0.000272809
4.175	0.000953024	0.000426152	0.000190605	0.0001906	0.000953024	0.000426152
4.225	0	0	0	0	0.000753396	0.00037666
4.275	0.000372292	0.000263237	0	0	0.000558438	0.00032239
4.325	0.000367988	0.000260194	0.000183994	0.00018399	0.000919971	0.000411372
4.375	0	0	0.000181891	0.000181887	0.000727565	0.000363746
4.425	0.000539508	0.000311462	0.000359672	0.000254314	0.00089918	0.000402075
4.475	0.000711307	0.000355618	0.000177827	0.000177822	0.00053348	0.000307982
4.525	0.000175862	0.000175857	0	0	0	0
4.575	0.00017394	0.000173935	0.00034788	0.000245976	0	0
4.625	0.000172059	0.000172055	0.000344119	0.000243317	0.000172059	0.000172055
4.675	0.000170219	0.000170215	0.000170219	0.000170215	0	0
4.725	0	0	0.000168418	0.000168414	0	0
4.775	0.000166654	0.00016665	0	0	0.000333309	0.000235673
4.825	0	0	0	0	0	0
4.875	0	0	0	0	0	0
4.925	0	0	0	0	0	0
4.975	0.000159955	0.000159951	0	0	0	0

