0.225	152.881	0.778667	12.3186	0.207571	1.24848	0.0668039
0.275	121.69	0.626986	11.5315	0.182442	1.35426	0.0624032
0.325	98.1398	0.517579	11.2168	0.166315	1.31242	0.0565626
0.375	79.6793	0.43401	10.3005	0.148544	1.34327	0.0535571
0.425	63.6114	0.367988	9.42197	0.133454	1.33128	0.0496003
0.475	51.5997	0.312508	8.70996	0.121475	1.23471	0.0458755
0.525	42.4231	0.267898	8.1169	0.11183	1.13379	0.0416221
0.575	35.5068	0.231218	7.13983	0.0995317	1.12239	0.0392935
0.625	28.9713	0.199581	6.47442	0.0921331	1.18284	0.0389921
0.675	24.0536	0.175786	5.76259	0.0830567	1.10112	0.0361525
0.725	19.9416	0.153299	5.21589	0.0761319	1.11848	0.0352793
0.775	16.393	0.133544	4.45942	0.068079	1.05145	0.032915
0.825	13.7028	0.118692	4.09269	0.0633899	0.946248	0.0299932
0.875	11.4555	0.105728	3.58963	0.0576775	0.952201	0.0292188
0.925	9.48822	0.0924852	3.116	0.0519612	0.878363	0.027595
0.975	8.10629	0.0833533	2.81092	0.0481127	0.839848	0.026448
1.025	6.79708	0.074087	2.52164	0.0441268	0.757733	0.0242093
1.075	5.80138	0.0664586	2.17043	0.0403841	0.748398	0.0236174
1.125	4.88641	0.0594177	1.81507	0.0359625	0.682598	0.0217842
1.175	4.13126	0.0542037	1.6288	0.0332738	0.662355	0.0212466
1.225	3.41501	0.0484699	1.44474	0.0306125	0.624277	0.0201152
1.275	2.99523	0.0441926	1.17837	0.0271465	0.621016	0.0199675
1.325	2.51044	0.0393481	1.08466	0.0258246	0.533319	0.0179229
1.375	2.14425	0.0357168	0.964768	0.023637	0.497142	0.0170126
1.425	1.86742	0.0327003	0.841008	0.0217045	0.472997	0.0164254
1.475	1.56026	0.0292124	0.727797	0.0197788	0.402473	0.0147964
1.525	1.31603	0.026278	0.650187	0.0184666	0.355359	0.0135654
1.575	1.18634	0.0245573	0.539611	0.0166425	0.36833	0.0137298
1.625	0.965703	0.0217992	0.488238	0.0155578	0.320269	0.0126057
1.675	0.873689	0.020566	0.401451	0.0137472	0.305007	0.0120694
1.725	0.721502	0.0183353	0.354754	0.0128296	0.273101	0.0113233
1.775	0.608375	0.0166118	0.325931	0.0121344	0.253751	0.0106658
1.825	0.542435	0.0155063	0.271217	0.0108806	0.221509	0.00983847
1.875	0.439692	0.0138851	0.262287	0.0105585	0.20584	0.00934903
1.925	0.400161	0.0129751	0.229431	0.00976158	0.194293	0.00900919
1.975	0.352961	0.0119501	0.18333	0.0086666	0.178898	0.0084915
2.025	0.276262	0.0104438	0.156404	0.0077813	0.162692	0.00797101
2.075	0.249279	0.00981412	0.140747	0.00737953	0.138062	0.007312
2.125	0.216451	0.0090288	0.138558	0.00734935	0.125452	0.00683765
2.175	0.18001	0.00819668	0.10903	0.00633246	0.113421	0.00645427
2.225	0.16452	0.0076826	0.0987118	0.00594381	0.0912011	0.00576417
2.275	0.149361	0.00735297	0.0790528	0.00525207	0.0891967	0.00559391
2.325	0.128351	0.00661888	0.0794063	0.00520551	0.0807754	0.00527155
2.375	0.0998488	0.00576035	0.063662	0.00459653	0.0686879	0.00479619
2.425	0.0945085	0.00552872	0.0580834	0.00434645	0.0662872	0.00468652
2.475	0.0720216	0.0048495	0.0440489	0.00375044	0.0569099	0.00428285
2.525	0.0734319	0.00482394	0.0523163	0.00404364	0.0611407	0.00439098
2.575	0.0540818	0.00407027	0.0346123	0.00326139	0.0506824	0.00394137
2.625	0.0439571	0.00366236	0.0351657	0.00325557	0.0451697	0.00371148
2.675	0.0505726	0.00386222	0.0270712	0.00283137	0.0383757	0.00336788
2.725	0.0388396	0.00338192	0.0245303	0.00267085	0.0341672	0.00317647
2.775	0.0358457	0.0031961	0.0180662	0.00227254	0.0298236	0.00291683
2.825	0.0326761	0.00302508	0.0188732	0.00230187	0.0264789	0.0027823
2.875	0.0326614	0.00304852	0.0163307	0.00215872	0.0260184	0.00273391
2.925	0.0231251	0.00250293	0.0146912	0.00199652	0.0195883	0.00230434
2.975	0.0173867	0.00215304	0.0133744	0.00192656	0.0187241	0.00226584
3.025	0.0144686	0.00194827	0.0131533	0.00185783	0.0147317	0.00196585
3.075	0.0126806	0.0018093	0.00828123	0.00146276	0.01708	0.00209894
3.125	0.0155335	0.00201822	0.00763944	0.00139372	0.012987	0.00181623
3.175	0.0112787	0.00167944	0.00852168	0.00146021	0.0122812	0.0017878
3.225	0.00937657	0.00151963	0.00567529	0.0011827	0.00912982	0.00149954
3.275	0.00826148	0.00141563	0.00777551	0.00137343	0.0111773	0.00164611
3.325	0.00741925	0.0013315	0.00502595	0.00109618	0.00837658	0.00141466
3.375	0.00848826	0.00141344	0.0047157	0.00105394	0.00589463	0.00117819
3.425	0.00673795	0.0012503	0.00209109	0.000696872	0.00766732	0.00133361
3.475	0.003664	0.000915633	0.002977	0.000825403	0.007557	0.00131442
3.525	0.00406353	0.000957352	0.00248327	0.000748528	0.00428928	0.000983561
3.575	0.0037841	0.00091739	0.00356151	0.000890021	0.00623264	0.00117703
3.625	0.00263429	0.000760225	0.00175619	0.000620784	0.0054881	0.00109693
3.675	0.00238191	0.000717976	0.00194884	0.000649466	0.00454728	0.000991778
3.725	0.00341809	0.000854181	0.00192268	0.000640748	0.00341809	0.000854181
3.775	0.00252961	0.000730018	0.000632404	0.000365091	0.00421602	0.00094226
3.825	0.000832183	0.00041605	0.00124827	0.000509529	0.00353678	0.00085743
3.875	0.00225897	0.000680919	0.000410722	0.00029041	0.00328578	0.000821116
3.925	0.000608235	0.000351139	0.00101373	0.000453295	0.00243294	0.000702119
3.975	0.000600585	0.000346722	0.00120117	0.000490302	0.00160156	0.000566123
4.025	0.00118625	0.000484211	0.00118625	0.000484211	0.00158166	0.000559091
4.075	0.00136697	0.000516578	0	0	0.00156226	0.000552231
4.125	0.00077166	0.000385792	0.00038583	0.000272809	0.00173624	0.000578615
4.175	0.000953024	0.000426152	0.000381209	0.000269542	0.000953024	0.000426152
4.225	0.000753396	0.00037666	0.000941745	0.000421109	0.00113009	0.00046129
4.275	0.000558438	0.00032239	0.000186146	0.000186141	0.00148917	0.000526395
4.325	0.000551982	0.000318663	0.000183994	0.00018399	0.000735977	0.000367952
4.375	0.000363783	0.00025722	0.00145513	0.000514364	0.000727565	0.000363746
4.425	0.000179836	0.000179832	0.000179836	0.000179832	0.00125885	0.000475718
4.475	0.000711307	0.000355618	0.000355654	0.000251472	0.000889134	0.000397583
4.525	0.000527585	0.000304579	0.000527585	0.000304579	0.00105517	0.000430707
4.575	0.000695759	0.000347845	0	0	0.00017394	0.000173935
4.625	0.000344119	0.000243317	0	0	0.000344119	0.000243317
4.675	0.000510658	0.000294806	0.000170219	0.000170215	0	0
4.725	0.000168418	0.000168414	0.000336836	0.000238167	0.000168418	0.000168414
4.775	0	0	0.000166654	0.00016665	0.000333309	0.000235673
4.825	0	0	0	0	0.000329855	0.000233231
4.875	0.000326472	0.000230839	0	0	0	0
4.925	0	0	0.000161579	0.000161575	0.000646314	0.000323125
4.975	0	0	0	0	0.000159955	0.000159951

