0.225	338.084	1.14496	26.547	0.30713	2.65612	0.0972967
0.275	269.834	0.921553	25.4387	0.269022	2.69695	0.0883686
0.325	214.825	0.754395	23.648	0.242321	2.61259	0.0797214
0.375	174.323	0.637459	22.0207	0.218386	2.49979	0.0722941
0.425	139.697	0.528479	20.1322	0.194079	2.48656	0.0677653
0.475	113.623	0.45003	18.9143	0.178661	2.45099	0.0636175
0.525	92.1704	0.386407	17.2388	0.162644	2.33427	0.0603536
0.575	75.8671	0.33413	15.73	0.148817	2.38317	0.0575921
0.625	62.2245	0.288355	13.9827	0.134034	2.26509	0.0539102
0.675	51.8315	0.2536	12.4825	0.122453	2.17983	0.0503507
0.725	42.4505	0.221576	11.2726	0.111571	2.15243	0.0485034
0.775	35.5131	0.194336	10.2362	0.103008	2.05361	0.045989
0.825	29.5556	0.172191	8.88663	0.0924838	1.96002	0.0433474
0.875	24.4498	0.150455	7.69582	0.0841713	1.91259	0.0418139
0.925	20.2815	0.133941	6.95378	0.0771598	1.89093	0.0404837
0.975	16.988	0.119338	5.81528	0.0687275	1.71806	0.0374683
1.025	14.2836	0.106528	5.28472	0.0639654	1.60785	0.0352589
1.075	12.1335	0.095432	4.54961	0.0582282	1.53085	0.0337297
1.125	10.1725	0.0857341	3.92229	0.0528752	1.45644	0.0318155
1.175	8.4772	0.0761701	3.48041	0.048444	1.45136	0.0315442
1.225	7.30164	0.0691863	3.03174	0.0445065	1.3317	0.0292821
1.275	6.15586	0.0630751	2.64759	0.040623	1.26201	0.0281456
1.325	5.12299	0.0557411	2.32546	0.0374313	1.16573	0.0265797
1.375	4.35679	0.050773	1.93532	0.0333916	1.10425	0.0252002
1.425	3.67341	0.0457391	1.69877	0.0307867	1.01301	0.0238465
1.475	3.12699	0.0411384	1.49498	0.0284412	0.964101	0.0227959
1.525	2.67119	0.037334	1.26019	0.0256881	0.857349	0.021003
1.575	2.27667	0.0340167	1.1348	0.0238904	0.775565	0.0197966
1.625	1.93532	0.030813	1.00243	0.0220613	0.696854	0.0183216
1.675	1.61578	0.0280852	0.828081	0.0200502	0.615716	0.0171297
1.725	1.33736	0.0248547	0.745952	0.0187176	0.599253	0.0166371
1.775	1.17371	0.0230933	0.638861	0.0168314	0.536644	0.0154874
1.825	0.975424	0.0205948	0.546795	0.0155231	0.498831	0.0148546
1.875	0.844582	0.0189898	0.471099	0.0141425	0.457942	0.01381
1.925	0.727152	0.017275	0.431165	0.0133609	0.420004	0.0132825
1.975	0.624129	0.0159093	0.346917	0.0118293	0.363034	0.0121039
2.025	0.543878	0.0146207	0.323419	0.0112883	0.346604	0.0116516
2.075	0.47478	0.0133588	0.288013	0.0106336	0.31946	0.0110906
2.125	0.401445	0.012287	0.232179	0.00934541	0.271874	0.0101432
2.175	0.33514	0.0110373	0.201596	0.00861024	0.240379	0.00938105
2.225	0.285764	0.0100974	0.162731	0.00770943	0.21316	0.00879153
2.275	0.243804	0.00932513	0.153208	0.0072905	0.190636	0.00821934
2.325	0.210838	0.00846053	0.123901	0.00656092	0.177295	0.00780931
2.375	0.173563	0.00765957	0.0968332	0.00567459	0.157815	0.00735544
2.425	0.160468	0.00719732	0.0961493	0.00559508	0.13684	0.00667942
2.475	0.123466	0.00625635	0.0835965	0.00517066	0.120572	0.00621774
2.525	0.09959	0.00562897	0.0809957	0.00503955	0.10999	0.00586999
2.575	0.0905483	0.00528725	0.0519185	0.00398874	0.0905483	0.00532325
2.625	0.0788196	0.00489401	0.0539611	0.00402652	0.0854889	0.00510903
2.675	0.0672318	0.00450616	0.0395656	0.00341935	0.0761564	0.00474789
2.725	0.0581135	0.00409901	0.0464324	0.00371387	0.0624939	0.0042691
2.775	0.0553458	0.00400588	0.031831	0.00306697	0.055059	0.00395442
2.825	0.0422535	0.00346003	0.031831	0.00298594	0.0523944	0.00382384
2.875	0.0376436	0.00321692	0.0276791	0.00276098	0.0420723	0.00339952
2.925	0.0367281	0.00315036	0.0236692	0.00253208	0.0405369	0.00330852
2.975	0.0310285	0.00289736	0.020329	0.00232747	0.0315635	0.00292166
3.025	0.0234129	0.00247623	0.0184146	0.00219711	0.0334094	0.0029785
3.075	0.0199267	0.00226648	0.0160449	0.00203454	0.0276904	0.00269473
3.125	0.0152789	0.00196953	0.0119685	0.00174373	0.0208811	0.0023012
3.175	0.0150383	0.00193852	0.00977487	0.00156371	0.020051	0.00223728
3.225	0.0120908	0.00172515	0.00937657	0.00151963	0.0167791	0.00203131
3.275	0.0143361	0.00186365	0.0104483	0.00159164	0.016523	0.00200029
3.325	0.00765858	0.00135278	0.00789791	0.00137372	0.0157958	0.00194112
3.375	0.00990297	0.00152646	0.00778091	0.00135336	0.00990297	0.00152646
3.425	0.00789966	0.00135363	0.00464686	0.00103855	0.00999075	0.00152194
3.475	0.006183	0.00118912	0.003893	0.000943789	0.008931	0.00142871
3.525	0.00586954	0.00115036	0.00293477	0.000813695	0.00677255	0.00123557
3.575	0.00511967	0.00106691	0.00244854	0.000738059	0.00690042	0.00123839
3.625	0.00417096	0.000956429	0.00109762	0.000490809	0.0063662	0.00118132
3.675	0.00368113	0.000892427	0.00259845	0.000749882	0.00757881	0.00127993
3.725	0.00234994	0.000708338	0.00192268	0.000640748	0.00384535	0.000905951
3.775	0.00379442	0.000893951	0.00231881	0.000698956	0.00463763	0.000988202
3.825	0.00187241	0.000623997	0.00187241	0.000623997	0.00436896	0.000952884
3.875	0.00164289	0.000580733	0.00164289	0.000580733	0.00410722	0.000917944
3.925	0.000810981	0.00040545	0.00121647	0.000496548	0.00283843	0.000758337
3.975	0.00120117	0.000490302	0.00180175	0.00060045	0.00280273	0.000748798
4.025	0.00118625	0.000484211	0.00138396	0.000522995	0.00217479	0.000655543
4.075	0.00175754	0.000585715	0.000976411	0.00043661	0.00117169	0.00047827
4.125	0.00115749	0.000472473	0.00135041	0.000510316	0.00135041	0.000510316
4.175	0.000953024	0.000426152	0.000190605	0.0001906	0.00190605	0.000602594
4.225	0.000753396	0.00037666	0.000188349	0.000188344	0.000941745	0.000421109
4.275	0.000186146	0.000186141	0.000372292	0.000263237	0.00130302	0.00049241
4.325	0.000183994	0.00018399	0.000551982	0.000318663	0.00202394	0.000610072
4.375	0.000181891	0.000181887	0.000181891	0.000181887	0.000363783	0.00025722
4.425	0.000179836	0.000179832	0.000179836	0.000179832	0.000539508	0.000311462
4.475	0.00053348	0.000307982	0.000711307	0.000355618	0.000711307	0.000355618
4.525	0.000351724	0.000248694	0	0	0.000527585	0.000304579
4.575	0.00034788	0.000245976	0	0	0.000521819	0.00030125
4.625	0.000344119	0.000243317	0.000172059	0.000172055	0.000344119	0.000243317
4.675	0	0	0.000170219	0.000170215	0.000510658	0.000294806
4.725	0.000168418	0.000168414	0.000168418	0.000168414	0.000168418	0.000168414
4.775	0.000166654	0.00016665	0	0	0.000166654	0.00016665
4.825	0.000164927	0.000164923	0.000329855	0.000233231	0	0
4.875	0.000326472	0.000230839	0.000163236	0.000163232	0	0
4.925	0.000323157	0.000228495	0	0	0	0
4.975	0	0	0.000319909	0.000226199	0.000479864	0.000277029

