0.225	297.938	1.06576	22.6283	0.283368	2.38379	0.0917714
0.275	237.479	0.858512	21.7869	0.25155	2.18766	0.0796392
0.325	193.623	0.719647	20.9546	0.227068	2.32856	0.075062
0.375	156.326	0.596265	19.0413	0.202424	2.26849	0.0694101
0.425	126.723	0.505345	17.5707	0.180831	2.07089	0.0618417
0.475	104.434	0.433806	16.3528	0.166212	2.00535	0.0581641
0.525	85.4329	0.367314	15.0985	0.150861	1.99323	0.0551233
0.575	70.4115	0.319504	13.7275	0.138808	2.03995	0.0529056
0.625	58.2011	0.278284	12.5822	0.12709	1.91877	0.0494674
0.675	48.9867	0.247854	11.2187	0.115344	1.9299	0.047407
0.725	40.4265	0.214962	10.3352	0.107292	1.95376	0.0465368
0.775	33.9349	0.189576	9.21764	0.0977338	1.77432	0.0424693
0.825	28.4781	0.168645	8.3783	0.0897816	1.76421	0.0413052
0.875	23.825	0.149729	7.16197	0.0802398	1.69977	0.0393737
0.925	20.1344	0.134522	6.39975	0.074772	1.59671	0.0373191
0.975	16.6696	0.119143	5.70428	0.0685721	1.60951	0.0361666
1.025	14.1718	0.106057	4.93147	0.0625473	1.48208	0.034061
1.075	11.9685	0.0953919	4.48373	0.0578283	1.42129	0.0326861
1.125	10.1414	0.0847632	3.94563	0.0533962	1.35317	0.0308493
1.175	8.76774	0.0779816	3.45468	0.0485171	1.3071	0.0299049
1.225	7.4439	0.0704868	2.95638	0.043526	1.20893	0.0279698
1.275	6.20767	0.0626624	2.58081	0.0404202	1.13718	0.0267726
1.325	5.35181	0.0567376	2.28703	0.0375688	1.04021	0.025038
1.375	4.48933	0.0508257	1.92664	0.0336315	1.00412	0.0240056
1.425	3.84708	0.0466491	1.79147	0.0317154	0.945995	0.0228654
1.475	3.30503	0.0421494	1.6072	0.0295564	0.920941	0.0224873
1.525	2.80426	0.0385511	1.33586	0.0266093	0.855784	0.0210256
1.575	2.43128	0.0351441	1.13783	0.0241384	0.794764	0.0203064
1.625	2.05824	0.0319316	1.04357	0.0226854	0.688039	0.0186494
1.675	1.73313	0.0289165	0.938777	0.0211869	0.653723	0.0176828
1.725	1.52005	0.0265415	0.794391	0.0190639	0.632468	0.0171807
1.775	1.27055	0.0239273	0.709248	0.0178704	0.584166	0.0162767
1.825	1.13327	0.0223501	0.606969	0.0161342	0.484005	0.0144776
1.875	0.93668	0.0199946	0.539854	0.0151076	0.474494	0.0143518
1.925	0.843728	0.0188113	0.46837	0.0138397	0.420004	0.0131662
1.975	0.728486	0.0171352	0.387613	0.0124563	0.375525	0.0123045
2.025	0.602824	0.0154031	0.32892	0.0113622	0.363502	0.011908
2.075	0.510446	0.0141556	0.305654	0.0108013	0.313708	0.0109319
2.125	0.440391	0.0128685	0.254648	0.00974287	0.263635	0.00993062
2.175	0.382704	0.0117723	0.223549	0.0091712	0.265624	0.00985583
2.225	0.328682	0.0108997	0.219598	0.00891371	0.229612	0.00905778
2.275	0.26829	0.009754	0.175595	0.00783251	0.202179	0.0084769
2.325	0.242669	0.00909344	0.148202	0.00720901	0.176953	0.0077721
2.375	0.209414	0.00836631	0.13235	0.00662713	0.172893	0.0075867
2.425	0.180813	0.00770863	0.117479	0.00624004	0.150295	0.00700371
2.475	0.174267	0.00750823	0.0983867	0.00561812	0.127324	0.00641569
2.525	0.132051	0.00650649	0.0850927	0.00520111	0.116293	0.00603091
2.575	0.123306	0.00615786	0.0701518	0.00471143	0.105382	0.00572503
2.625	0.103678	0.0055911	0.0603273	0.00436181	0.0930677	0.00528814
2.675	0.094898	0.00533746	0.0603896	0.00421696	0.0770488	0.00484862
2.725	0.0803075	0.00482702	0.0563613	0.00407938	0.0776793	0.00476696
2.775	0.0725517	0.00453235	0.0338383	0.00310587	0.0702576	0.00446102
2.825	0.0614085	0.00415552	0.0377465	0.00327418	0.0642254	0.00422911
2.875	0.0500992	0.00370696	0.0312774	0.00296	0.0584029	0.00403749
2.925	0.0370001	0.00316193	0.032103	0.00297161	0.0481546	0.00364432
2.975	0.0366458	0.00312012	0.0259463	0.00262805	0.0398556	0.00325291
3.025	0.0334094	0.00295518	0.0226237	0.00243432	0.0389338	0.0032101
3.075	0.0297607	0.0027913	0.0188916	0.00220705	0.0344189	0.00297455
3.125	0.0213904	0.00235666	0.0190986	0.00220118	0.0249555	0.0025147
3.175	0.0233093	0.00241144	0.0147876	0.00192234	0.0258157	0.00256178
3.225	0.0199869	0.00221627	0.0135714	0.00182744	0.0234414	0.00239932
3.275	0.0119062	0.00169881	0.0102054	0.00157307	0.0204107	0.00222231
3.325	0.0136419	0.00180433	0.0105306	0.00158579	0.0210611	0.00229074
3.375	0.0160334	0.00194103	0.00683777	0.00126882	0.0127324	0.00173032
3.425	0.0113848	0.00162441	0.00836435	0.0013928	0.0137082	0.00178203
3.475	0.008473	0.00139166	0.006412	0.00121091	0.012595	0.00169597
3.525	0.00903007	0.00142635	0.00519229	0.00108204	0.00993307	0.00149582
3.575	0.00645524	0.00119784	0.00511967	0.00106691	0.00957156	0.00145808
3.625	0.00702477	0.00124082	0.00417096	0.000956429	0.00987858	0.00147095
3.675	0.00931111	0.0014184	0.0034646	0.000865803	0.00736227	0.00126155
3.725	0.00576803	0.00110931	0.00234994	0.000708338	0.00683619	0.00120751
3.775	0.00295122	0.00078847	0.00337282	0.000842868	0.00484843	0.00101039
3.825	0.00291264	0.000778163	0.00208046	0.000657734	0.004577	0.000975284
3.875	0.00349114	0.000894808	0.00308042	0.000795062	0.00410722	0.000917944
3.925	0.0040549	0.00090625	0.00101373	0.000453295	0.00547412	0.00105278
3.975	0.00240234	0.000693287	0.00140136	0.000529573	0.00360351	0.000848973
4.025	0.00158166	0.000559091	0.00098854	0.000442033	0.00276791	0.000739497
4.075	0.00136697	0.000516578	0.00175754	0.000585715	0.00390564	0.000872892
4.125	0.00231498	0.000668077	0.000964575	0.000431317	0.00289373	0.000746877
4.175	0.00190605	0.000602594	0.00152484	0.000539004	0.00266847	0.000712928
4.225	0.000565047	0.000326206	0.000941745	0.000421109	0.00131844	0.000498238
4.275	0.000930731	0.000416183	0.000558438	0.00032239	0.00111688	0.000455895
4.325	0.000367988	0.000260194	0.00183994	0.000581695	0.00128796	0.000486718
4.375	0.000363783	0.00025722	0.000727565	0.000363746	0.00127324	0.000481155
4.425	0.000359672	0.000254314	0.00125885	0.000475718	0.00179836	0.000568549
4.475	0.000711307	0.000355618	0.00053348	0.000307982	0.000889134	0.000397583
4.525	0.000703447	0.000351688	0	0	0.000527585	0.000304579
4.575	0.00034788	0.000245976	0.000695759	0.000347845	0	0
4.625	0.000516178	0.000297993	0.000516178	0.000297993	0.000860297	0.000384688
4.675	0.000340438	0.000240714	0.000340438	0.000240714	0.000680877	0.000340404
4.725	0.000505254	0.000291687	0.000505254	0.000291687	0	0
4.775	0.000166654	0.00016665	0.000333309	0.000235673	0.000833272	0.000372604
4.825	0.000164927	0.000164923	0.000329855	0.000233231	0.000494782	0.000285641
4.875	0	0	0.000163236	0.000163232	0.000326472	0.000230839
4.925	0.000323157	0.000228495	0	0	0.000323157	0.000228495
4.975	0	0	0	0	0	0

