0.225	257.591	0.99396	22.4798	0.28312	2.59246	0.0962195
0.275	202.622	0.801599	21.1705	0.246626	2.34392	0.082823
0.325	160.942	0.652628	19.3924	0.217626	2.36529	0.0762334
0.375	127.808	0.54289	17.9718	0.19632	2.20483	0.0680725
0.425	102.546	0.45493	16.172	0.174618	2.13455	0.0635799
0.475	82.4222	0.385933	14.793	0.159107	2.17288	0.0602389
0.525	66.7481	0.329146	13.2341	0.142074	2.03264	0.0552596
0.575	53.2228	0.280066	11.9076	0.128272	1.97906	0.052257
0.625	43.3958	0.240101	10.4902	0.115626	1.8462	0.0482972
0.675	35.4974	0.210052	9.21212	0.105572	1.78725	0.0458886
0.725	28.8422	0.181187	8.17837	0.0954307	1.82095	0.0444961
0.775	23.634	0.158481	6.98947	0.0853438	1.61106	0.0402936
0.825	19.549	0.140164	6.16846	0.0775401	1.63206	0.0398506
0.875	16.0164	0.123095	5.39126	0.070393	1.56336	0.0375117
0.925	13.4155	0.109144	4.70755	0.0642225	1.46939	0.0356181
0.975	11.1335	0.0969611	3.99275	0.057327	1.3369	0.0333522
1.025	9.40101	0.0870001	3.52237	0.052356	1.2942	0.0318977
1.075	7.58244	0.0755824	2.9551	0.046602	1.24141	0.0304711
1.125	6.37893	0.068346	2.60448	0.0433404	1.0773	0.0274051
1.175	5.22909	0.0603111	2.1469	0.0384043	1.01927	0.0263151
1.225	4.47128	0.0545528	1.93584	0.0356043	0.974418	0.0254222
1.275	3.60314	0.048138	1.58656	0.0314735	0.890019	0.0237035
1.325	3.01193	0.0428377	1.36933	0.0290032	0.84262	0.02238
1.375	2.50307	0.0384842	1.20321	0.0263751	0.787094	0.0215113
1.425	2.15501	0.0348405	1.01022	0.0240153	0.712009	0.0199302
1.475	1.79764	0.0316746	0.867529	0.0216256	0.635001	0.0184045
1.525	1.47623	0.0277637	0.760813	0.0200457	0.577132	0.0172504
1.575	1.21463	0.0249732	0.647735	0.018244	0.506264	0.0161981
1.625	1.0705	0.0229017	0.545044	0.0162791	0.475016	0.0151489
1.675	0.889367	0.0204608	0.495043	0.0153485	0.39955	0.0138807
1.725	0.754256	0.0185983	0.389353	0.0134843	0.388892	0.0134612
1.775	0.623618	0.0166198	0.337588	0.0123159	0.336243	0.0123909
1.825	0.509732	0.0149319	0.302612	0.0114532	0.297816	0.0114345
1.875	0.436721	0.0136478	0.241916	0.0101305	0.271624	0.0107664
1.925	0.348487	0.0119488	0.210829	0.00941762	0.239766	0.00996586
1.975	0.314281	0.0112788	0.186151	0.00869166	0.219996	0.00940717
2.025	0.261721	0.0101401	0.163085	0.00799962	0.181555	0.00847705
2.075	0.215147	0.00921423	0.135378	0.00724379	0.154936	0.00768773
2.125	0.184994	0.00838872	0.114592	0.00652199	0.13706	0.007177
2.175	0.160984	0.00762493	0.101347	0.00609114	0.130251	0.00688059
2.225	0.130543	0.0068641	0.0840481	0.00545039	0.117667	0.00645348
2.275	0.109485	0.00615972	0.0759047	0.00512471	0.0930444	0.00568841
2.325	0.100285	0.00593525	0.0561321	0.00441852	0.0879631	0.00547306
2.375	0.0787398	0.00514994	0.0522698	0.00416858	0.0700282	0.00486495
2.425	0.067928	0.00469683	0.0511921	0.00410892	0.0715377	0.00486315
2.475	0.0556238	0.00423515	0.0382615	0.00355561	0.0639835	0.00462616
2.525	0.0472737	0.00387113	0.0321461	0.00317482	0.0491647	0.00397128
2.575	0.0463558	0.00377072	0.0346123	0.00329054	0.0509914	0.00397735
2.625	0.0406224	0.00349747	0.0263742	0.00282146	0.0391066	0.00343203
2.675	0.0294511	0.00298243	0.020824	0.00248459	0.0348058	0.00323584
2.725	0.0254064	0.00274912	0.0169376	0.00222079	0.0271585	0.00280966
2.775	0.0206471	0.0024289	0.0154853	0.00214316	0.0203604	0.00241204
2.825	0.0185916	0.00228468	0.0146479	0.00202865	0.0219718	0.00248296
2.875	0.0174378	0.0021935	0.011902	0.00181309	0.0179914	0.00222793
2.925	0.00925003	0.00158502	0.00707355	0.00138634	0.0206765	0.00236725
2.975	0.0125719	0.00183164	0.00775713	0.00143942	0.0155143	0.00203417
3.025	0.00868118	0.00150995	0.00815505	0.00146355	0.0110488	0.00170307
3.075	0.00750487	0.00139261	0.00465819	0.00109745	0.0108691	0.00167538
3.125	0.00789409	0.00141672	0.00560225	0.00119375	0.00993127	0.00158872
3.175	0.00576467	0.00120132	0.00451148	0.00106289	0.00701786	0.00132532
3.225	0.00641555	0.00125737	0.00444153	0.00104641	0.0066623	0.00128129
3.275	0.0031588	0.000875809	0.00388775	0.00097155	0.00680357	0.00128485
3.325	0.00454728	0.00104272	0.00191465	0.000676794	0.0062226	0.00121956
3.375	0.00259364	0.000781796	0.00141471	0.000577467	0.00447992	0.00102728
3.425	0.00232343	0.000804692	0.00185874	0.000657034	0.00441452	0.00101228
3.475	0.00229	0.00072398	0.001832	0.00064758	0.003206	0.000856539
3.525	0.00180601	0.000638394	0.00248327	0.000748528	0.00293477	0.000813695
3.575	0.00133557	0.000545161	0.000667783	0.000385516	0.000890377	0.000445144
3.625	0.00131714	0.000537641	0.00109762	0.000490809	0.00241476	0.000727879
3.675	0.00151576	0.000572804	0.00151576	0.000572804	0.00129922	0.000530326
3.725	0.000854523	0.000427219	0.000213631	0.000213625	0.00149542	0.000565115
3.775	0.00126481	0.000516278	0.00105401	0.000471307	0.00189721	0.000632261
3.825	0.00104023	0.000465146	0.000624137	0.000360319	0.00166437	0.000588324
3.875	0.000821445	0.000410681	0.000616084	0.000355669	0.00143753	0.00054324
3.925	0.000810981	0.00040545	0.00040549	0.000286711	0.00141922	0.000536319
3.975	0.000600585	0.000346722	0	0	0.000600585	0.000346722
4.025	0	0	0	0	0.000395416	0.000279587
4.075	0.000195282	0.000195277	0.000390564	0.000276157	0.000781129	0.000390525
4.125	0.00038583	0.000272809	0.000192915	0.00019291	0.00077166	0.000385792
4.175	0.000190605	0.0001906	0.000190605	0.0001906	0.000571814	0.000330112
4.225	0	0	0.000188349	0.000188344	0.000188349	0.000188344
4.275	0.000372292	0.000263237	0	0	0.000372292	0.000263237
4.325	0	0	0	0	0	0
4.375	0.000181891	0.000181887	0.000363783	0.00025722	0.000181891	0.000181887
4.425	0	0	0.000179836	0.000179832	0	0
4.475	0.000177827	0.000177822	0	0	0	0
4.525	0.000351724	0.000248694	0	0	0	0
4.575	0	0	0	0	0	0
4.625	0	0	0	0	0.000344119	0.000243317
4.675	0	0	0	0	0	0
4.725	0	0	0.000168418	0.000168414	0	0
4.775	0	0	0.000166654	0.00016665	0.000333309	0.000235673
4.825	0	0	0	0	0.000164927	0.000164923
4.875	0	0	0	0	0	0
4.925	0	0	0	0	0	0
4.975	0.000159955	0.000159951	0	0	0.000159955	0.000159951

