0.225	75.3192	0.532494	7.05587	0.157615	0.908952	0.0563334
0.275	60.0738	0.43351	6.25045	0.133887	0.833393	0.0490956
0.325	47.2127	0.354693	6.03565	0.122113	0.827606	0.045035
0.375	37.3781	0.296918	5.63833	0.110266	0.789409	0.0410981
0.425	29.5804	0.243393	4.975	0.0967154	0.705899	0.0364949
0.475	23.9185	0.205739	4.44629	0.0868229	0.792424	0.036467
0.525	19.3851	0.176513	4.09256	0.0794511	0.721502	0.0330933
0.575	15.8338	0.152576	3.36025	0.0683517	0.775015	0.032525
0.625	12.5401	0.128382	3.02012	0.0622806	0.670997	0.0291767
0.675	10.259	0.112831	2.68206	0.0561968	0.641335	0.0275274
0.725	8.24423	0.0974613	2.44221	0.0517568	0.623448	0.0261563
0.775	6.85393	0.0859653	1.9766	0.0452228	0.530859	0.0232257
0.825	5.64277	0.0745092	1.8163	0.0420638	0.508331	0.0222713
0.875	4.54001	0.0653797	1.58973	0.0382104	0.523847	0.0218158
0.925	3.71992	0.0571768	1.26378	0.0331086	0.424987	0.0191944
0.975	3.11944	0.0509417	1.10347	0.0298838	0.452163	0.0192565
1.025	2.56278	0.0449634	0.975892	0.0277978	0.422343	0.0182603
1.075	2.13564	0.0402391	0.81132	0.0243941	0.356063	0.0161408
1.125	1.78324	0.0354047	0.717258	0.0224867	0.362873	0.0161277
1.175	1.46287	0.0316266	0.651519	0.0208934	0.311537	0.0147047
1.225	1.20958	0.0283505	0.540477	0.0187308	0.289077	0.0137972
1.275	1.02358	0.0253181	0.450003	0.016921	0.24591	0.0122661
1.325	0.845023	0.0225681	0.404193	0.0157343	0.245639	0.0121999
1.375	0.728062	0.0206805	0.332779	0.0138714	0.221081	0.0112626
1.425	0.579659	0.0182339	0.311609	0.0131729	0.204388	0.0106734
1.475	0.499045	0.0166307	0.227672	0.011071	0.184512	0.0100376
1.525	0.421108	0.0150736	0.228035	0.0108389	0.156546	0.00912065
1.575	0.346099	0.0131515	0.173302	0.00930432	0.134903	0.00826265
1.625	0.285499	0.0118141	0.174826	0.00929964	0.125365	0.00784638
1.675	0.259874	0.0110813	0.125424	0.00766817	0.113071	0.00734728
1.725	0.211745	0.00996348	0.113023	0.00720601	0.0968769	0.00671365
1.775	0.186951	0.0091474	0.0869748	0.00624633	0.0901131	0.00632407
1.825	0.15305	0.0082369	0.0867721	0.00624346	0.0797955	0.00593601
1.875	0.125626	0.00727246	0.0615399	0.00516232	0.0751211	0.00562141
1.925	0.12071	0.00708498	0.0587013	0.00494328	0.0644888	0.00517618
1.975	0.0862257	0.00589028	0.058424	0.00486769	0.0612444	0.00494867
2.025	0.0762372	0.0054469	0.0392975	0.00391991	0.046764	0.00434574
2.075	0.062895	0.00489109	0.0375836	0.00382584	0.0433362	0.00406519
2.125	0.0557979	0.00455408	0.0337034	0.00354465	0.0378227	0.00375398
2.175	0.0450024	0.00411089	0.0310992	0.00336601	0.0321969	0.00342464
2.225	0.0447064	0.00404982	0.0300427	0.00330991	0.0232474	0.00287879
2.275	0.0304318	0.00325553	0.0143414	0.00223746	0.0258845	0.00300344
2.325	0.0304619	0.00322176	0.0215629	0.00275524	0.0239588	0.00285861
2.375	0.0257999	0.0029345	0.0167532	0.00236629	0.021444	0.00267621
2.425	0.0187048	0.00247398	0.0141106	0.00214954	0.0157514	0.00227079
2.475	0.0173624	0.00235953	0.0135041	0.00208153	0.0180054	0.0024027
2.525	0.0170185	0.0023128	0.0116609	0.00191526	0.0154428	0.0022034
2.575	0.0126706	0.00197678	0.00803501	0.00157477	0.0105073	0.00180046
2.625	0.010004	0.00174004	0.00788196	0.00154477	0.0103072	0.00176616
2.675	0.00862709	0.00160085	0.00803212	0.00154474	0.00862709	0.00160085
2.725	0.0084688	0.00157148	0.00671663	0.00139971	0.00876082	0.0015983
2.775	0.00716914	0.00143293	0.00716914	0.00143293	0.00688238	0.00140402
2.825	0.00450704	0.00112631	0.00535211	0.00122728	0.00788732	0.00148952
2.875	0.00359829	0.00099766	0.00387508	0.0010353	0.00553582	0.00123723
2.925	0.00380884	0.0010176	0.00163236	0.000666308	0.00516913	0.00118532
2.975	0.00187241	0.000707581	0.0042798	0.00106952	0.00534975	0.00119564
3.025	0.00263066	0.00083168	0.00105226	0.000526079	0.00315679	0.000911014
3.075	0.00362304	0.000967959	0.00155273	0.000633805	0.00181152	0.00068457
3.125	0.00229183	0.000763772	0.00178254	0.000673617	0.00280113	0.000844339
3.175	0.00225574	0.000751744	0.00125319	0.000560373	0.00125319	0.000560373
3.225	0.00222077	0.000740089	0.000493504	0.000348942	0.00246752	0.000780103
3.275	0.00121492	0.000543262	0.000971939	0.000485921	0.00267283	0.000805667
3.325	0.00143598	0.00058615	0.00119665	0.000535093	0.00119665	0.000535093
3.375	0.00047157	0.000333434	0.0016505	0.00062372	0.00188628	0.000666768
3.425	0.00116171	0.00051947	0.00116171	0.00051947	0.000929372	0.000464639
3.475	0.000687	0.00039661	0.000458	0.000323839	0.002061	0.000686845
3.525	0.000677255	0.000390984	0.000225752	0.000225746	0	0
3.575	0.000667783	0.000385516	0.000445189	0.00031478	0.000667783	0.000385516
3.625	0.000658572	0.000380198	0	0	0.00109762	0.000490809
3.675	0.000433075	0.000306215	0	0	0.000433075	0.000306215
3.725	0.000213631	0.000213625	0	0	0.00128178	0.000523208
3.775	0	0	0.000210801	0.000210796	0.000843205	0.00042156
3.825	0.000208046	0.00020804	0.000416091	0.000294206	0.000208046	0.00020804
3.875	0.000205361	0.000205356	0	0	0.000821445	0.000410681
3.925	0.000202745	0.00020274	0	0	0.00040549	0.000286711
3.975	0.000200195	0.00020019	0.000200195	0.00020019	0.000200195	0.00020019
4.025	0.000197708	0.000197703	0	0	0.000197708	0.000197703
4.075	0.000195282	0.000195277	0.000195282	0.000195277	0.000390564	0.000276157
4.125	0	0	0.000578745	0.000334114	0.000192915	0.00019291
4.175	0	0	0.000571814	0.000330112	0	0
4.225	0.000188349	0.000188344	0	0	0	0
4.275	0	0	0	0	0.000186146	0.000186141
4.325	0	0	0	0	0	0
4.375	0	0	0	0	0.000181891	0.000181887
4.425	0.000179836	0.000179832	0	0	0	0
4.475	0	0	0	0	0.000177827	0.000177822
4.525	0.000175862	0.000175857	0	0	0	0
4.575	0	0	0.00017394	0.000173935	0	0
4.625	0	0	0	0	0.000172059	0.000172055
4.675	0	0	0	0	0	0
4.725	0	0	0	0	0	0
4.775	0	0	0	0	0	0
4.825	0	0	0	0	0	0
4.875	0	0	0.000163236	0.000163232	0.000163236	0.000163232
4.925	0	0	0	0	0	0
4.975	0	0	0	0	0	0

