0.225	311.105	1.10804	24.3896	0.292897	2.57124	0.0952026
0.275	250.944	0.906083	23.3987	0.258448	2.45388	0.0840698
0.325	202.448	0.748595	21.7797	0.231862	2.41181	0.076357
0.375	162.073	0.617663	20.1936	0.208312	2.34276	0.0704788
0.425	131.988	0.520335	18.7634	0.188082	2.4023	0.0675288
0.475	108.214	0.446421	17.2608	0.170664	2.35717	0.0628191
0.525	87.8505	0.382649	16.0171	0.156908	2.22211	0.0584412
0.575	72.5954	0.32809	14.6865	0.144683	2.06901	0.0536584
0.625	59.7073	0.286452	13.2697	0.13045	2.0219	0.0508326
0.675	50.0183	0.250838	11.8246	0.119787	1.99946	0.0487822
0.725	41.3024	0.218848	10.3495	0.107285	1.97242	0.0467171
0.775	34.2193	0.192572	9.41581	0.100247	1.96736	0.0448803
0.825	28.6932	0.171224	8.43039	0.0906835	1.83655	0.0422297
0.875	23.7859	0.149368	7.36387	0.0832584	1.75616	0.0398562
0.925	19.9339	0.13281	6.64063	0.0763091	1.7421	0.0388371
0.975	17.0467	0.119455	5.78834	0.0693473	1.6797	0.0371718
1.025	14.199	0.107202	5.09218	0.0635102	1.48208	0.0339901
1.075	12.0477	0.0965096	4.41044	0.057517	1.48273	0.0332407
1.125	9.96451	0.0859686	3.94634	0.0533607	1.38288	0.0313949
1.175	8.52867	0.0767178	3.43436	0.0481625	1.35045	0.0304479
1.225	7.24252	0.0693109	3.098	0.0446385	1.30767	0.0290253
1.275	6.04976	0.0620798	2.64135	0.0409489	1.22268	0.0275832
1.325	5.22088	0.0564696	2.30024	0.037326	1.09487	0.025712
1.375	4.32496	0.0505557	2.00362	0.0339577	1.0811	0.0251573
1.425	3.6762	0.0459422	1.72111	0.0316052	0.945436	0.0231445
1.475	3.13131	0.0414884	1.51224	0.0286202	0.946837	0.0226529
1.525	2.70302	0.0382547	1.32281	0.0261623	0.831258	0.0211071
1.575	2.30042	0.0343517	1.13884	0.0242836	0.755354	0.0196416
1.625	1.97548	0.0310428	0.957378	0.0218011	0.71987	0.0188773
1.675	1.65141	0.0283381	0.826656	0.0198438	0.641846	0.0174413
1.725	1.41486	0.0258119	0.72427	0.0181548	0.625087	0.0170451
1.775	1.21899	0.0234904	0.649173	0.0169841	0.528125	0.0153914
1.825	1.0526	0.021524	0.561185	0.0156136	0.484441	0.014575
1.875	0.920977	0.0198458	0.488924	0.0144777	0.472372	0.014223
1.925	0.771798	0.0177744	0.428271	0.0132822	0.399748	0.0128367
1.975	0.67248	0.016415	0.360617	0.0120941	0.370287	0.0122926
2.025	0.545057	0.0146765	0.326169	0.0112775	0.348569	0.0118132
2.075	0.481683	0.0137053	0.279192	0.0104007	0.299135	0.0107627
2.125	0.417922	0.0124862	0.240043	0.00943261	0.269253	0.00997243
2.175	0.355995	0.0114048	0.207084	0.00868888	0.243306	0.00940579
2.225	0.309011	0.0105047	0.164162	0.00762449	0.216022	0.00878804
2.275	0.26724	0.00967357	0.166501	0.00766889	0.202529	0.00845481
2.325	0.227609	0.00883881	0.139988	0.00693579	0.176611	0.00784002
2.375	0.197017	0.00814357	0.115262	0.00625127	0.16083	0.00729853
2.425	0.169328	0.0074592	0.110588	0.0060091	0.140778	0.00686618
2.475	0.149188	0.00697965	0.089384	0.00532351	0.112855	0.00600521
2.525	0.123542	0.00622641	0.0825715	0.00508732	0.115348	0.00600707
2.575	0.105073	0.00573365	0.0667524	0.00453842	0.087458	0.0051988
2.625	0.0897331	0.00521227	0.049717	0.00386629	0.0957961	0.00538048
2.675	0.0675293	0.00445657	0.0517625	0.003907	0.0708016	0.004562
2.725	0.0651221	0.00433652	0.0481845	0.00375841	0.0668743	0.0043938
2.775	0.055059	0.00395442	0.0364192	0.00322141	0.0633752	0.00425881
2.825	0.0495775	0.00376298	0.0371831	0.00322568	0.0560563	0.00397393
2.875	0.0401347	0.0033209	0.0279559	0.00277468	0.0520367	0.00377729
2.925	0.0359119	0.00313906	0.0266619	0.00268665	0.0478825	0.0036139
2.975	0.0334359	0.00300514	0.0227364	0.00246086	0.0366458	0.00312012
3.025	0.0286742	0.002739	0.0202561	0.00230395	0.0344616	0.00300105
3.075	0.0274316	0.00265732	0.0178564	0.00214595	0.0302783	0.00279103
3.125	0.0216451	0.00234274	0.0145149	0.00191981	0.0234276	0.00243687
3.175	0.0205523	0.00226496	0.0127825	0.00178763	0.0215548	0.00231932
3.225	0.0152986	0.00193991	0.0103636	0.00159745	0.0199869	0.00221627
3.275	0.0131212	0.00178315	0.0102054	0.00157307	0.0179809	0.00208636
3.325	0.0129239	0.00175634	0.00717992	0.00130988	0.0169925	0.00201305
3.375	0.0101388	0.00154448	0.00801669	0.00137368	0.0129682	0.00174622
3.425	0.0104554	0.00155685	0.00673795	0.0012503	0.0104554	0.00155685
3.475	0.009847	0.00150004	0.005038	0.00107351	0.009618	0.00148253
3.525	0.00586954	0.00115036	0.00564379	0.00112805	0.0108361	0.00156218
3.575	0.00690042	0.00123839	0.00623264	0.00117703	0.00756821	0.00129683
3.625	0.00504905	0.00105219	0.00461001	0.00100546	0.00812239	0.00133408
3.675	0.00368113	0.000892427	0.00411421	0.000943416	0.00671266	0.00120469
3.725	0.00341809	0.000854181	0.00299083	0.000799053	0.00427262	0.000954908
3.775	0.00337282	0.000842868	0.00189721	0.000632261	0.00442683	0.000965505
3.825	0.00332873	0.00083185	0.00187241	0.000623997	0.00624137	0.00113866
3.875	0.0026697	0.0007402	0.00123217	0.000502955	0.0063662	0.00114252
3.925	0.00263569	0.00073077	0.00121647	0.000496548	0.0022302	0.000672245
3.975	0.00240234	0.000693287	0.00160156	0.000566123	0.00360351	0.000848973
4.025	0.00118625	0.000484211	0.00158166	0.000559091	0.0023725	0.000684675
4.075	0.000976411	0.00043661	0.000976411	0.00043661	0.00234339	0.000676274
4.125	0.00135041	0.000510316	0.00212207	0.000639651	0.00154332	0.000545537
4.175	0.000571814	0.000330112	0.000953024	0.000426152	0.00133423	0.000504204
4.225	0.000565047	0.000326206	0.000753396	0.00037666	0.000941745	0.000421109
4.275	0.000930731	0.000416183	0.000930731	0.000416183	0.00130302	0.00049241
4.325	0.000735977	0.000367952	0.000919971	0.000411372	0.000919971	0.000411372
4.375	0.000181891	0.000181887	0.000545674	0.000315021	0.000545674	0.000315021
4.425	0	0	0.00089918	0.000402075	0.00089918	0.000402075
4.475	0.00053348	0.000307982	0.000355654	0.000251472	0.00106696	0.000435519
4.525	0.000175862	0.000175857	0.000527585	0.000304579	0.000879309	0.00039319
4.575	0.00034788	0.000245976	0.00034788	0.000245976	0.00034788	0.000245976
4.625	0	0	0.000344119	0.000243317	0.000688238	0.000344084
4.675	0.000340438	0.000240714	0.000170219	0.000170215	0.000851096	0.000380574
4.725	0	0	0	0	0.00101051	0.000412476
4.775	0.000166654	0.00016665	0.000166654	0.00016665	0.000666618	0.000333275
4.825	0.000164927	0.000164923	0.000164927	0.000164923	0.000164927	0.000164923
4.875	0	0	0.000163236	0.000163232	0	0
4.925	0	0	0	0	0.000323157	0.000228495
4.975	0.000479864	0.000277029	0.000159955	0.000159951	0.000319909	0.000226199

