0.225	242.326	0.971693	18.7944	0.259901	1.98059	0.0840176
0.275	195.578	0.786513	17.3942	0.226533	1.88382	0.0741048
0.325	157.304	0.648726	16.9194	0.204076	1.74336	0.0653651
0.375	129.45	0.546801	15.7479	0.181203	1.8462	0.0623091
0.425	105.04	0.459386	14.8332	0.165834	1.78254	0.057489
0.475	85.483	0.393957	13.5533	0.152533	1.80096	0.0553924
0.525	70.9922	0.337288	12.1898	0.136168	1.77344	0.0521465
0.575	58.259	0.294741	11.2737	0.125125	1.72303	0.0488813
0.625	48.9115	0.257312	10.326	0.115965	1.61447	0.0458297
0.675	40.9028	0.225652	9.39604	0.106273	1.65875	0.0441116
0.725	34.0592	0.199238	8.45387	0.0969514	1.52459	0.040605
0.775	28.5226	0.175602	7.57783	0.0884651	1.62338	0.0410468
0.825	23.8404	0.156452	6.70187	0.0813696	1.41503	0.0369244
0.875	20.0035	0.136721	6.06426	0.0744583	1.43512	0.0359839
0.925	17.0924	0.123838	5.37428	0.0686178	1.34206	0.0343507
0.975	14.4398	0.110343	4.72894	0.0622947	1.2561	0.0318265
1.025	11.9879	0.0981105	4.23352	0.0576513	1.2678	0.0313988
1.075	10.4568	0.0902104	3.63836	0.05285	1.16738	0.0293
1.125	8.84972	0.0799241	3.29486	0.0478663	1.16926	0.0288405
1.175	7.62725	0.0737318	2.89933	0.0442899	1.07413	0.0271767
1.225	6.35191	0.0651219	2.51075	0.0405063	1.04652	0.0260917
1.275	5.50863	0.0592473	2.21818	0.0377304	0.968037	0.0245463
1.325	4.69657	0.0541672	1.9561	0.0347956	0.911087	0.0235069
1.375	3.99971	0.0491862	1.74434	0.0320449	0.806192	0.0215925
1.425	3.44612	0.0444193	1.49271	0.0289191	0.821463	0.0215763
1.475	2.97161	0.0403698	1.2932	0.0265168	0.741824	0.0201755
1.525	2.62527	0.0374092	1.20853	0.0252412	0.673669	0.0188987
1.575	2.19129	0.0335167	1.07366	0.0233798	0.622473	0.0177782
1.625	1.89664	0.0307191	0.872169	0.0206166	0.536719	0.0162413
1.675	1.62766	0.0279663	0.789123	0.019652	0.549678	0.0162093
1.725	1.38903	0.025526	0.693362	0.0178194	0.505144	0.0153214
1.775	1.17819	0.0231166	0.620928	0.0167213	0.482845	0.0147266
1.825	1.02034	0.0212376	0.539819	0.015474	0.42078	0.0136811
1.875	0.908669	0.0198333	0.457517	0.0138693	0.40489	0.0131533
1.925	0.764771	0.0179188	0.417523	0.013209	0.356755	0.0121635
1.975	0.682956	0.0166683	0.358602	0.0119145	0.310654	0.0112767
2.025	0.555274	0.0148041	0.319489	0.0111839	0.309271	0.0111152
2.075	0.488586	0.0137038	0.27459	0.0103074	0.2604	0.00997077
2.125	0.446383	0.0131707	0.257644	0.00979636	0.237422	0.00947301
2.175	0.365142	0.0116403	0.211841	0.00884353	0.23233	0.00926201
2.225	0.322959	0.0107547	0.194562	0.00839684	0.198497	0.00843026
2.275	0.278783	0.00983927	0.162303	0.00757712	0.18434	0.00803084
2.325	0.238219	0.00909288	0.153679	0.00723572	0.166685	0.00749202
2.375	0.203048	0.00821853	0.132015	0.00668649	0.154799	0.00714971
2.425	0.185735	0.00777928	0.102384	0.0057883	0.129621	0.00655651
2.475	0.156583	0.00709647	0.103531	0.00575894	0.118	0.00620357
2.525	0.138354	0.00662105	0.0857231	0.00527644	0.111881	0.00591876
2.575	0.120525	0.00616836	0.0726241	0.00474994	0.0945658	0.00538223
2.625	0.11156	0.00579353	0.069725	0.00461105	0.0845795	0.00504644
2.675	0.0877583	0.00512375	0.0559273	0.0040597	0.0803212	0.0048914
2.725	0.0817677	0.00486977	0.0516889	0.00391179	0.0724228	0.00462589
2.775	0.0688238	0.0044344	0.0424413	0.00352272	0.0696841	0.00444299
2.825	0.0602817	0.00411798	0.0405634	0.00346104	0.0492958	0.0037314
2.875	0.0545279	0.00386577	0.0337685	0.00304792	0.0467777	0.00358305
2.925	0.0525075	0.00380045	0.027206	0.00271379	0.0429854	0.00342786
2.975	0.0430655	0.00338034	0.0280862	0.00273372	0.0366458	0.00312012
3.025	0.0299895	0.00280076	0.0255174	0.00261125	0.0402491	0.00326276
3.075	0.0300195	0.00282693	0.0165625	0.00206699	0.0339013	0.00297485
3.125	0.0247008	0.0025019	0.0229183	0.00241036	0.0290299	0.00273495
3.175	0.017294	0.00207836	0.0157902	0.00198624	0.0225574	0.0023724
3.225	0.0199869	0.00221627	0.0133246	0.0018108	0.0197401	0.0022026
3.275	0.0170089	0.00208677	0.015551	0.00194076	0.0204107	0.00222231
3.325	0.0162745	0.00197021	0.0110092	0.00162135	0.0179498	0.00206878
3.375	0.012025	0.00168169	0.00825248	0.0013937	0.0176839	0.00203813
3.425	0.0120818	0.00167327	0.00975841	0.00150417	0.0123142	0.00168924
3.475	0.01145	0.00164936	0.010076	0.00151734	0.014198	0.00180035
3.525	0.00948157	0.0014615	0.00451503	0.00100909	0.00970732	0.00147876
3.575	0.00868118	0.00138875	0.00623264	0.00117703	0.0102393	0.00150797
3.625	0.0063662	0.00118132	0.00395143	0.000930942	0.0109762	0.00155033
3.675	0.00627958	0.00116524	0.00411421	0.000943416	0.00736227	0.00126155
3.725	0.00619529	0.0011496	0.0027772	0.000770006	0.00875886	0.0013665
3.775	0.00527003	0.00105335	0.00527003	0.00105335	0.00548083	0.00107418
3.825	0.00353678	0.00085743	0.00270459	0.000749876	0.00540919	0.00106014
3.875	0.00287506	0.000768122	0.0026697	0.0007402	0.00492867	0.00100546
3.925	0.00283843	0.000758337	0.00101373	0.000453295	0.00466314	0.000971772
3.975	0.00460448	0.000959549	0.00120117	0.000490302	0.00280273	0.000748798
4.025	0.00276791	0.000739497	0.00158166	0.000559091	0.00296562	0.000765433
4.075	0.00273395	0.000730423	0.00175754	0.000585715	0.00312451	0.000780816
4.125	0.00212207	0.000639651	0.00115749	0.000472473	0.00347247	0.000818101
4.175	0.00114363	0.000466814	0.00133423	0.000504204	0.00285907	0.000737932
4.225	0.000753396	0.00037666	0.00150679	0.000532625	0.00131844	0.000498238
4.275	0.00130302	0.00049241	0.00130302	0.00049241	0.00297834	0.000744287
4.325	0.000551982	0.000318663	0.000919971	0.000411372	0.00183994	0.000581695
4.375	0.00109135	0.000445474	0.00145513	0.000514364	0.000909457	0.000406671
4.425	0.00089918	0.000402075	0.000359672	0.000254314	0.00125885	0.000475718
4.475	0.000711307	0.000355618	0.000889134	0.000397583	0.00053348	0.000307982
4.525	0.000879309	0.00039319	0	0	0.00105517	0.000430707
4.575	0.00017394	0.000173935	0.00034788	0.000245976	0.00139152	0.000491878
4.625	0.000860297	0.000384688	0	0	0.000516178	0.000297993
4.675	0.000680877	0.000340404	0	0	0.000510658	0.000294806
4.725	0.000673672	0.000336802	0.000505254	0.000291687	0.00084209	0.000376547
4.775	0.000499963	0.000288632	0.000333309	0.000235673	0.000666618	0.000333275
4.825	0.000164927	0.000164923	0.000164927	0.000164923	0.000824637	0.000368743
4.875	0.000163236	0.000163232	0.000163236	0.000163232	0.000652943	0.000326439
4.925	0.000161579	0.000161575	0.000484736	0.000279841	0	0
4.975	0.000319909	0.000226199	0.000159955	0.000159951	0.000159955	0.000159951

