0.225	199.679	0.101937	15.7147	0.0274631	1.67922	0.00895425
0.275	160.164	0.0824806	14.9706	0.0242798	1.64468	0.00801423
0.325	128.94	0.0679109	14.1063	0.0216978	1.62473	0.00733587
0.375	104.15	0.0567779	13.1015	0.0194656	1.59211	0.00676048
0.425	84.6393	0.0479611	12.169	0.0176189	1.56501	0.00629511
0.475	68.9324	0.040829	11.1998	0.0160029	1.51824	0.00586825
0.525	56.5263	0.0350761	10.2272	0.0145341	1.47282	0.00549177
0.575	46.495	0.030333	9.31755	0.0132474	1.44666	0.00520747
0.625	38.3918	0.0264076	8.40715	0.0120906	1.40301	0.00491323
0.675	31.8359	0.0230643	7.54484	0.0110252	1.35615	0.004647
0.725	26.4579	0.0202434	6.76339	0.0100652	1.32086	0.00442936
0.775	22.0198	0.0178275	6.02536	0.00919225	1.2697	0.00420185
0.825	18.4634	0.0158179	5.37003	0.00841347	1.229	0.00400234
0.875	15.482	0.0140356	4.75396	0.00768726	1.17562	0.00380068
0.925	13.0052	0.0125024	4.19666	0.00701998	1.13228	0.00362827
0.975	10.9394	0.0111526	3.69713	0.00642099	1.08605	0.00346465
1.025	9.228	0.00997193	3.26445	0.00587454	1.03183	0.00329145
1.075	7.79885	0.00895048	2.87102	0.00538412	0.984425	0.00314178
1.125	6.58548	0.00801852	2.51415	0.00491855	0.932276	0.00298791
1.175	5.5806	0.00722493	2.20219	0.00450457	0.880075	0.00284007
1.225	4.73377	0.00650449	1.92541	0.00412111	0.828652	0.00269658
1.275	4.01487	0.00587034	1.68536	0.00378434	0.774385	0.00255869
1.325	3.41816	0.0053069	1.47959	0.00347143	0.725819	0.0024299
1.375	2.91518	0.0048071	1.29634	0.00319093	0.679692	0.00230884
1.425	2.47791	0.00435465	1.12854	0.00292481	0.629176	0.00218017
1.475	2.11619	0.00395272	0.983595	0.0026873	0.585175	0.00206658
1.525	1.80029	0.00358369	0.863423	0.00247503	0.543214	0.00195572
1.575	1.54443	0.00326138	0.751481	0.00227102	0.501105	0.00185027
1.625	1.31772	0.00296584	0.65677	0.00208932	0.458573	0.00174339
1.675	1.12958	0.00270144	0.571724	0.00192061	0.419112	0.00164086
1.725	0.96619	0.00246199	0.496436	0.00176025	0.385265	0.00155104
1.775	0.827961	0.00224795	0.434695	0.00162674	0.354657	0.0014671
1.825	0.714754	0.00205995	0.380195	0.00149726	0.321222	0.00137805
1.875	0.612702	0.00187938	0.331656	0.00138061	0.288567	0.00128676
1.925	0.522975	0.00171259	0.288217	0.00127011	0.264804	0.00121842
1.975	0.449909	0.00157029	0.252425	0.00117493	0.237614	0.00113782
2.025	0.386671	0.0014346	0.21702	0.0010741	0.217115	0.00107448
2.075	0.33314	0.00131638	0.191142	0.000995304	0.195969	0.00100849
2.125	0.285775	0.00120486	0.166552	0.000918394	0.174644	0.000940532
2.175	0.247119	0.00110636	0.146122	0.00085172	0.158208	0.000884679
2.225	0.213422	0.00101592	0.126798	0.000783803	0.142785	0.000830496
2.275	0.182685	0.000931328	0.111758	0.0007271	0.126279	0.000772677
2.325	0.15773	0.00085534	0.0964454	0.000668214	0.114028	0.000726558
2.375	0.136921	0.000787887	0.0846956	0.000619214	0.101795	0.000679496
2.425	0.117391	0.000722654	0.0733462	0.000569482	0.090802	0.000635217
2.475	0.102241	0.000666729	0.0620472	0.000519194	0.0819509	0.000596318
2.525	0.0884699	0.000614479	0.0556773	0.000486723	0.071931	0.000553808
2.575	0.075317	0.000560836	0.04925	0.000453824	0.0644245	0.000518677
2.625	0.0662022	0.000521074	0.0426501	0.000418112	0.0580963	0.000487689
2.675	0.0567573	0.000477428	0.037715	0.000389177	0.0514464	0.000454642
2.725	0.0493154	0.000440656	0.0323458	0.000357343	0.0461289	0.000426655
2.775	0.0425521	0.000406355	0.0281499	0.000330542	0.0406661	0.000397286
2.825	0.0370401	0.000375716	0.0247073	0.000306752	0.0357733	0.000369254
2.875	0.0328897	0.000350939	0.0216088	0.000284189	0.031731	0.000344583
2.925	0.0274925	0.000318161	0.0182818	0.000259356	0.0285433	0.000323901
2.975	0.0241371	0.000295496	0.0170029	0.00024775	0.0255386	0.000303521
3.025	0.0208392	0.000271782	0.0141001	0.00022368	0.0223633	0.000282114
3.075	0.0183022	0.000252846	0.0127734	0.000211542	0.0199063	0.00026376
3.125	0.0158325	0.000233227	0.0111007	0.000195349	0.0171496	0.000242731
3.175	0.0136573	0.000215029	0.00930457	0.000177492	0.0154884	0.000229159
3.225	0.0120827	0.000200686	0.00856717	0.000169077	0.0137321	0.000214082
3.275	0.0102772	0.000183562	0.00743556	0.000156219	0.0122756	0.000200661
3.325	0.00891713	0.000170161	0.00628627	0.000142665	0.0105784	0.000185039
3.375	0.00770879	0.000156672	0.00547034	0.000131902	0.00928493	0.000171951
3.425	0.00659848	0.000143854	0.00499828	0.000125242	0.00857206	0.000163969
3.475	0.00626541	0.000139308	0.00452743	0.000118268	0.0070973	0.000148164
3.525	0.00517964	0.00012559	0.00352423	0.000103882	0.00634422	0.000139242
3.575	0.00441882	0.000115273	0.0034088	0.000101277	0.00567833	0.000130635
3.625	0.0039043	0.000107537	0.00279556	9.11035e-05	0.00518201	0.000123871
3.675	0.00342424	0.000100026	0.00250897	8.56299e-05	0.00451497	0.000114918
3.725	0.00293688	9.21967e-05	0.00231085	8.16277e-05	0.0037764	0.000104412
3.775	0.00253929	8.51867e-05	0.00199841	7.55147e-05	0.00360682	0.000101366
3.825	0.00239653	8.2032e-05	0.00172224	6.95463e-05	0.0033602	9.72046e-05
3.875	0.00206055	7.55751e-05	0.00149757	6.44334e-05	0.00268453	8.6256e-05
3.925	0.00169479	6.81052e-05	0.00144016	6.27829e-05	0.00240392	8.11043e-05
3.975	0.00149234	6.35063e-05	0.0011544	5.59879e-05	0.00209792	7.52913e-05
4.025	0.00132962	5.95718e-05	0.000979863	5.11421e-05	0.00193837	7.19219e-05
4.075	0.00116299	5.53722e-05	0.00080961	4.62021e-05	0.00177745	6.84492e-05
4.125	0.0010525	5.23567e-05	0.000773744	4.48927e-05	0.00153707	6.32675e-05
4.175	0.000872586	4.73869e-05	0.000589446	3.89487e-05	0.0012175	5.59719e-05
4.225	0.000757975	4.39039e-05	0.000546861	3.72929e-05	0.00116494	5.44257e-05
4.275	0.000751623	4.34631e-05	0.000522868	3.62518e-05	0.00106333	5.16936e-05
4.325	0.000571488	3.76798e-05	0.000491976	3.49609e-05	0.000882079	4.68103e-05
4.375	0.000483897	3.4474e-05	0.000353712	2.94745e-05	0.000790939	4.40725e-05
4.425	0.000408001	3.14762e-05	0.000378858	3.03313e-05	0.000670287	4.03428e-05
4.475	0.000369822	2.97996e-05	0.000331399	2.82092e-05	0.000547529	3.62582e-05
4.525	0.000332487	2.80989e-05	0.00025649	2.46799e-05	0.000541479	3.58575e-05
4.575	0.000361738	2.91482e-05	0.000256036	2.45229e-05	0.000465092	3.30505e-05
4.625	0.000292768	2.60808e-05	0.000257915	2.44793e-05	0.000429858	3.16018e-05
4.675	0.000197689	2.13167e-05	0.000179299	2.03011e-05	0.00037239	2.92562e-05
4.725	0.000225164	2.26291e-05	0.000177402	2.00863e-05	0.000286572	2.55288e-05
4.775	0.000191298	2.07486e-05	0.000166542	1.93596e-05	0.000254314	2.39229e-05
4.825	0.000164816	1.9159e-05	0.000109135	1.55904e-05	0.000236088	2.29301e-05
4.875	0.000138877	1.74965e-05	7.7154e-05	1.30413e-05	0.000213827	2.17101e-05
4.925	0.000144013	1.77264e-05	8.50988e-05	1.36265e-05	0.000209474	2.13787e-05
4.975	0.000129605	1.67317e-05	9.5044e-05	1.43282e-05	0.000181448	1.9797e-05

