0.225	137.28	0.72059	11.5511	0.202329	1.33336	0.0685709
0.275	109.831	0.586263	11.219	0.181255	1.27613	0.0606494
0.325	86.4162	0.477629	10.3255	0.160372	1.25855	0.0556627
0.375	69.0923	0.394102	9.60023	0.142395	1.31992	0.0525251
0.425	55.5863	0.332684	8.60373	0.126845	1.29384	0.0489386
0.475	44.8415	0.279979	8.03146	0.115668	1.15764	0.0443603
0.525	36.3434	0.241421	7.08467	0.103978	1.13076	0.0411823
0.575	29.9626	0.209274	6.45892	0.0954022	1.12239	0.0398261
0.625	24.2183	0.178567	5.66592	0.0853723	1.08225	0.0372926
0.675	19.8295	0.154094	4.90197	0.0761074	1.06929	0.0357171
0.725	16.2953	0.136722	4.39816	0.0697503	0.998834	0.0330855
0.775	13.6042	0.119781	3.99428	0.0637893	0.971359	0.0317357
0.825	11.1515	0.105682	3.38373	0.0577353	0.835322	0.0282952
0.875	9.34922	0.0928808	2.89207	0.0517223	0.876716	0.0283181
0.925	7.7616	0.0828041	2.62046	0.0476056	0.81126	0.0262713
0.975	6.46904	0.0735057	2.21838	0.0428057	0.736194	0.0246389
1.025	5.35071	0.0656615	1.91762	0.0385921	0.714256	0.0238747
1.075	4.44523	0.0583723	1.67742	0.0353565	0.683996	0.0225178
1.125	3.74757	0.0522609	1.46281	0.0322772	0.63662	0.0211912
1.175	3.10792	0.0460735	1.33013	0.0301598	0.596662	0.0201156
1.225	2.63548	0.0416767	1.10044	0.0270859	0.532032	0.0184135
1.275	2.24315	0.0375425	0.934333	0.0240187	0.495565	0.0177904
1.325	1.82157	0.0332284	0.817996	0.0221586	0.485873	0.0170536
1.375	1.51284	0.0296143	0.722274	0.0204791	0.445055	0.0160745
1.425	1.30898	0.0271017	0.614841	0.0184909	0.38979	0.0146651
1.475	1.12649	0.0248994	0.549759	0.0172565	0.354996	0.0138008
1.525	0.984152	0.0227105	0.460245	0.0153835	0.31257	0.0128145
1.575	0.802343	0.0200447	0.39915	0.0141723	0.2885	0.012049
1.625	0.65229	0.0178947	0.355038	0.0132014	0.290886	0.0118986
1.675	0.564406	0.0164125	0.29218	0.0118686	0.240395	0.0106572
1.725	0.485769	0.0151433	0.252341	0.0108193	0.212668	0.0099625
1.775	0.423666	0.0138063	0.217437	0.00981449	0.214299	0.0098077
1.825	0.346217	0.0123676	0.207992	0.0095295	0.179213	0.00887805
1.875	0.30006	0.0111968	0.162975	0.00832356	0.168492	0.0085213
1.925	0.22199	0.00966467	0.137245	0.00749238	0.157915	0.0080659
1.975	0.212744	0.00927654	0.128533	0.00716153	0.123698	0.00702854
2.025	0.180769	0.00842306	0.102567	0.00642841	0.108461	0.00653085
2.075	0.153786	0.00767932	0.0870558	0.00579619	0.109299	0.00649631
2.125	0.138558	0.00721454	0.0767689	0.00536045	0.0861309	0.00564655
2.175	0.11525	0.00648369	0.0581739	0.00462415	0.0771993	0.00538684
2.225	0.0883399	0.00560897	0.0489983	0.00417184	0.0700997	0.00498253
2.275	0.0860486	0.00549711	0.0528185	0.00428205	0.0587649	0.00456861
2.325	0.072561	0.00495702	0.0359382	0.00349799	0.0527094	0.00423106
2.375	0.058636	0.00441303	0.0368569	0.00350449	0.0452335	0.00390875
2.425	0.0521766	0.00417332	0.0315028	0.00320752	0.040363	0.0036282
2.475	0.0411552	0.00362598	0.0282942	0.00304369	0.038583	0.00356994
2.525	0.0352977	0.00332597	0.0264733	0.0028824	0.0330916	0.00325161
2.575	0.0315219	0.00311317	0.0231779	0.00267133	0.0284316	0.00295737
2.625	0.0281932	0.00294803	0.0190986	0.0024024	0.0233427	0.00265502
2.675	0.0229064	0.0026054	0.0163617	0.00220318	0.0229064	0.0026054
2.725	0.0201499	0.00242157	0.0134333	0.00197835	0.0181057	0.00233271
2.775	0.0151986	0.00208492	0.00975003	0.00167069	0.0197868	0.00237794
2.825	0.0140845	0.00198936	0.0112676	0.00177978	0.0143662	0.00204822
2.875	0.0149467	0.00203124	0.0094109	0.00161258	0.0138396	0.00195476
2.925	0.0122427	0.00182298	0.00952209	0.0016535	0.0133309	0.00190208
2.975	0.00855959	0.00151193	0.00401231	0.00103559	0.00829211	0.00148815
3.025	0.00841811	0.00153277	0.00499825	0.00114613	0.00973344	0.00159869
3.075	0.00750487	0.00139261	0.00491698	0.0011275	0.0067285	0.00131871
3.125	0.00560225	0.00119375	0.00560225	0.00119375	0.00840338	0.00146163
3.175	0.00526339	0.00114796	0.00325829	0.000903393	0.00526339	0.00114796
3.225	0.00419478	0.00101695	0.00370128	0.000955307	0.00567529	0.00123311
3.275	0.00437372	0.00103043	0.00437372	0.00103043	0.00340179	0.000908847
3.325	0.00358996	0.000926576	0.00358996	0.000926576	0.00358996	0.000926576
3.375	0.00259364	0.000781796	0.00212207	0.000707196	0.00447992	0.00102728
3.425	0.00209109	0.000696872	0.00116171	0.00051947	0.00116171	0.00051947
3.475	0.001603	0.000605771	0.001832	0.00064758	0.003206	0.000856539
3.525	0.00225752	0.000713711	0.00225752	0.000713711	0.00338628	0.000874005
3.575	0.000890377	0.000445144	0.000890377	0.000445144	0.00200335	0.000667633
3.625	0.00153667	0.000580704	0.000439048	0.000310438	0.00109762	0.000490809
3.675	0.000866149	0.000433031	0.000433075	0.000306215	0.000866149	0.000433031
3.725	0.00170905	0.000604118	0.000427262	0.000302104	0.00106815	0.000477633
3.775	0.00126481	0.000516278	0.000843205	0.00042156	0.00105401	0.000471307
3.825	0.000624137	0.000360319	0.00104023	0.000465146	0.00104023	0.000465146
3.875	0.000616084	0.000355669	0.00102681	0.000459144	0.000821445	0.000410681
3.925	0.00141922	0.000536319	0.000608235	0.000351139	0.000810981	0.00040545
3.975	0.000600585	0.000346722	0.00080078	0.00040035	0.00040039	0.000283104
4.025	0.000197708	0.000197703	0.000197708	0.000197703	0.00118625	0.000484211
4.075	0.000195282	0.000195277	0.000781129	0.000390525	0.000781129	0.000390525
4.125	0.000192915	0.00019291	0.000192915	0.00019291	0.00038583	0.000272809
4.175	0	0	0	0	0.000190605	0.0001906
4.225	0	0	0.000376698	0.000266352	0.000188349	0.000188344
4.275	0.000372292	0.000263237	0	0	0	0
4.325	0.000183994	0.00018399	0.000183994	0.00018399	0.000551982	0.000318663
4.375	0	0	0	0	0	0
4.425	0.000179836	0.000179832	0.000179836	0.000179832	0	0
4.475	0	0	0	0	0.000355654	0.000251472
4.525	0	0	0	0	0.000175862	0.000175857
4.575	0.00017394	0.000173935	0	0	0.00017394	0.000173935
4.625	0.000688238	0.000344084	0.000344119	0.000243317	0.000172059	0.000172055
4.675	0.000170219	0.000170215	0	0	0	0
4.725	0	0	0	0	0.000168418	0.000168414
4.775	0.000333309	0.000235673	0	0	0.000166654	0.00016665
4.825	0	0	0	0	0.000164927	0.000164923
4.875	0.000163236	0.000163232	0	0	0	0
4.925	0.000161579	0.000161575	0	0	0	0
4.975	0	0	0.000319909	0.000226199	0	0

