0.225	767.776	2.38622	54.3292	0.621403	4.96592	0.192557
0.275	617.746	1.96223	52.5772	0.555779	4.73626	0.16749
0.325	498.127	1.63221	49.8452	0.504027	4.90207	0.157132
0.375	407.168	1.34435	46.2091	0.44501	4.54728	0.141231
0.425	330.481	1.15608	42.5076	0.405721	4.68485	0.133395
0.475	270.929	0.981474	40.3614	0.371852	4.44129	0.120435
0.525	219.754	0.842258	37.662	0.341332	4.58131	0.117841
0.575	183.332	0.737004	34.5283	0.313533	4.2366	0.110275
0.625	151.035	0.631099	31.4282	0.287825	4.1809	0.105256
0.675	125.269	0.548164	28.7802	0.262626	4.17436	0.100817
0.725	104.832	0.488374	26.2914	0.244894	4.01639	0.0949036
0.775	87.7773	0.433306	23.254	0.220552	4.15542	0.0928614
0.825	73.1995	0.382191	20.7856	0.200733	3.86224	0.0877086
0.875	60.941	0.343796	18.8647	0.184248	3.91623	0.0856938
0.925	51.1701	0.305111	16.5493	0.172629	3.75195	0.0804376
0.975	43.4474	0.269376	14.7695	0.156273	3.52123	0.0763303
1.025	36.814	0.242218	12.9875	0.145118	3.44294	0.0735548
1.075	30.9608	0.215936	11.5283	0.132935	3.30849	0.0709334
1.125	26.2645	0.195158	10.1816	0.12163	3.22063	0.0680034
1.175	22.6106	0.179803	8.94391	0.111623	3.1057	0.0652955
1.225	19.0562	0.16059	7.79137	0.103379	2.91	0.0616342
1.275	16.3397	0.143953	6.919	0.0940603	2.79333	0.0590649
1.325	13.5573	0.12784	5.96295	0.0847219	2.63644	0.0566589
1.375	11.856	0.120695	5.42013	0.0807499	2.58546	0.0554501
1.425	9.98693	0.10637	4.65213	0.0725973	2.40242	0.0523823
1.475	8.47799	0.096716	4.12449	0.0678199	2.26483	0.0503023
1.525	7.22134	0.0872792	3.54518	0.0624617	2.05107	0.0469719
1.575	6.19503	0.0798492	3.03771	0.0558374	1.98802	0.045331
1.625	5.43076	0.0729421	2.6824	0.0519201	1.82091	0.0425804
1.675	4.60934	0.0677023	2.41714	0.0489495	1.67154	0.0403126
1.725	3.96357	0.0621612	2.07499	0.0442021	1.53365	0.0382914
1.775	3.37524	0.0562253	1.79695	0.0404278	1.45568	0.0364455
1.825	2.89745	0.0509662	1.6178	0.0385303	1.33215	0.0347888
1.875	2.4512	0.0459693	1.39277	0.0346909	1.28537	0.03311
1.925	2.14035	0.0427044	1.21739	0.0316175	1.06131	0.029786
1.975	1.81562	0.0390267	1.05171	0.0296035	1.00155	0.0288228
2.025	1.59436	0.0359263	0.927101	0.0273341	0.901437	0.0269006
2.075	1.3681	0.0325744	0.81632	0.0255537	0.837452	0.0255438
2.125	1.20446	0.0304029	0.708459	0.0234727	0.747436	0.0236597
2.175	0.966951	0.0267545	0.616758	0.0214907	0.674999	0.022408
2.225	0.856174	0.0248231	0.569323	0.0204882	0.603628	0.0210436
2.275	0.762402	0.0233685	0.469719	0.0183646	0.573229	0.0202817
2.325	0.656597	0.0214595	0.445648	0.0178969	0.488257	0.0183103
2.375	0.538152	0.0192171	0.380878	0.0160561	0.457464	0.01777
2.425	0.49692	0.0183139	0.322127	0.0147546	0.408519	0.0164593
2.475	0.437668	0.0171813	0.276249	0.0134302	0.359583	0.0152672
2.525	0.367256	0.0153251	0.245052	0.0125739	0.328022	0.0145174
2.575	0.29201	0.0135727	0.208759	0.0113142	0.285703	0.0134096
2.625	0.246853	0.0124469	0.199214	0.0111948	0.267888	0.0127973
2.675	0.230096	0.0118713	0.155421	0.00970078	0.251952	0.0125516
2.725	0.194884	0.0108606	0.150782	0.00946959	0.207995	0.0111588
2.775	0.171474	0.00993592	0.126996	0.0086843	0.191372	0.0105357
2.825	0.144294	0.00913624	0.0902558	0.00723718	0.171314	0.0100058
2.875	0.145739	0.00909453	0.0920754	0.00715168	0.13896	0.0088926
2.925	0.121594	0.00838565	0.084394	0.0068372	0.12437	0.00839986
2.975	0.105357	0.00758769	0.0742414	0.00632182	0.114092	0.00792095
3.025	0.0918047	0.00708212	0.0676455	0.00603542	0.0950259	0.00707779
3.075	0.075524	0.00631372	0.0480607	0.00501469	0.106156	0.00744803
3.125	0.0639218	0.00577432	0.0524887	0.00519583	0.0649612	0.00586595
3.175	0.0639382	0.00568222	0.0409204	0.00455633	0.0833754	0.0065162
3.225	0.0528754	0.00513239	0.0372646	0.00431553	0.0679827	0.00581058
3.275	0.0421504	0.00455198	0.030745	0.00389225	0.0624818	0.00557471
3.325	0.0332132	0.0040137	0.0278405	0.00367683	0.0581232	0.00534055
3.375	0.03224	0.00398381	0.0255033	0.00355932	0.044751	0.0046184
3.425	0.027976	0.00363118	0.0232343	0.0033781	0.036511	0.00414444
3.475	0.0186939	0.00294972	0.0233673	0.0032962	0.0397245	0.00434061
3.525	0.0248788	0.00337623	0.0129001	0.0024344	0.0308681	0.00375822
3.575	0.0172624	0.0027949	0.0177167	0.00283129	0.0295278	0.00381614
3.625	0.0165763	0.0027928	0.00716813	0.00179057	0.0228484	0.00319108
3.675	0.0172346	0.00282426	0.0110478	0.00220674	0.0216537	0.00308565
3.725	0.0126435	0.00234435	0.0100276	0.00208844	0.023107	0.0031654
3.775	0.0111854	0.00219072	0.00903434	0.00196934	0.0189291	0.00284725
3.825	0.00594416	0.00158751	0.00721791	0.00174908	0.0191062	0.00284164
3.875	0.00586746	0.00156703	0.00377194	0.00125674	0.015926	0.00257852
3.925	0.00786155	0.00180181	0.00579272	0.00154706	0.0103441	0.00206619
3.975	0.00449417	0.00135428	0.00490273	0.00141443	0.010214	0.00212044
4.025	0.00403486	0.00127528	0.00242091	0.000988032	0.00484183	0.00139686
4.075	0.00398535	0.00125964	0.00358681	0.00119506	0.00717363	0.00168929
4.125	0.00669297	0.00162188	0.00157482	0.000787248	0.00393704	0.00124437
4.175	0.00272292	0.0010288	0.00233394	0.000952533	0.00583484	0.0015054
4.225	0.00384386	0.00121491	0.00153754	0.000768615	0.00576579	0.00148758
4.275	0.00341901	0.00113915	0.00265923	0.00100474	0.00113967	0.000657888
4.325	0.00300399	0.00106164	0.00262849	0.00099312	0.00413048	0.00124469
4.375	0.00334086	0.00111311	0.00222724	0.000908989	0.00259845	0.00111331
4.425	0.00146805	0.000733875	0.000734025	0.000518981	0.0029361	0.00103764
4.475	0.000725823	0.000513182	0.00145165	0.000725675	0.00217747	0.000888676
4.525	0.00143561	0.000717657	0.0010767	0.000621541	0.00358902	0.00113437
4.575	0.0017749	0.000793555	0.00141992	0.000709814	0.00319481	0.00106445
4.625	0.000351142	0.000351124	0.00105342	0.000608102	0.00245799	0.000928702
4.675	0.000694772	0.000491228	0.000347386	0.000347368	0.00312647	0.00104168
4.725	0.00137484	0.00068728	0.00103113	0.000595232	0.00068742	0.00048603
4.775	0	0	0.000340111	0.000340094	0	0
4.825	0.000673173	0.000475957	0.000336587	0.000336569	0.000673173	0.000475957
4.875	0.000666269	0.000471075	0.000333134	0.000333117	0.000333134	0.000333117
4.925	0.000329752	0.000329735	0.000659505	0.000466293	0.000989257	0.00057106
4.975	0.000326438	0.000326422	0	0	0.000326438	0.000326422
