0.225	301.404	1.5386	21.7865	0.395446	2.4616	0.133067
0.275	239.878	1.23497	21.7608	0.361345	2.15872	0.110885
0.325	192.357	1.01003	20.3327	0.321201	2.12043	0.102751
0.375	155.963	0.854541	19.1495	0.289043	2.26212	0.0977617
0.425	127.178	0.718421	17.7991	0.257983	2.15327	0.0906477
0.475	103.88	0.603099	16.7397	0.239236	1.92661	0.080271
0.525	86.074	0.529509	15.006	0.215681	2.02809	0.0770653
0.575	70.5818	0.45558	13.5932	0.194724	2.10915	0.0757991
0.625	58.3195	0.401649	12.3402	0.177554	1.85384	0.0686606
0.675	48.4586	0.347265	11.1479	0.161071	1.94287	0.0672753
0.725	40.4802	0.302853	9.92688	0.147868	1.72326	0.0615207
0.775	33.2993	0.267115	8.96812	0.1356	1.79486	0.0600699
0.825	28.7019	0.241156	8.09472	0.125904	1.78639	0.0577539
0.875	23.7805	0.212813	7.30839	0.115692	1.66794	0.0548369
0.925	20.0432	0.19049	6.55202	0.107477	1.47627	0.0507614
0.975	17.2508	0.169197	5.55328	0.095163	1.43974	0.0485941
1.025	14.1997	0.150141	4.93458	0.0887374	1.50304	0.0482172
1.075	11.8693	0.134146	4.406	0.0812036	1.39168	0.0451893
1.125	10.3444	0.122448	3.89611	0.0742629	1.33832	0.0439815
1.175	8.78942	0.107667	3.42149	0.0677517	1.2922	0.0417266
1.225	7.46014	0.098732	3.10125	0.0634525	1.23166	0.0407577
1.275	6.3974	0.090725	2.73747	0.0583637	1.15216	0.0377757
1.325	5.46052	0.0812313	2.31585	0.0529644	1.12309	0.0367011
1.375	4.70173	0.0743864	1.97468	0.0478221	0.997757	0.0338988
1.425	3.93922	0.0667798	1.73898	0.0441495	0.975033	0.0332594
1.475	3.29963	0.0597552	1.52897	0.0409204	0.892347	0.0313214
1.525	2.93471	0.0559615	1.33481	0.0377361	0.829693	0.0293297
1.575	2.49696	0.0501849	1.17522	0.0344721	0.825585	0.0292219
1.625	2.11456	0.0455072	1.02545	0.0314845	0.693426	0.0263146
1.675	1.86235	0.041957	0.939727	0.0298844	0.631869	0.024609
1.725	1.5325	0.0378068	0.812844	0.0272668	0.614476	0.0238399
1.775	1.30104	0.0342193	0.681452	0.0247553	0.522746	0.0217981
1.825	1.12673	0.0312623	0.667143	0.0239541	0.518017	0.0211957
1.875	0.99822	0.0292532	0.529668	0.0211537	0.501656	0.0211709
1.925	0.852409	0.0262846	0.446461	0.0192275	0.427445	0.0190746
1.975	0.706729	0.0239608	0.417429	0.0184672	0.38036	0.0173907
2.025	0.606754	0.0217014	0.364681	0.0168654	0.309664	0.0154909
2.075	0.536908	0.020452	0.316009	0.0154744	0.299902	0.0154494
2.125	0.464358	0.0187025	0.24566	0.01359	0.304829	0.0151364
2.175	0.39807	0.0171673	0.253184	0.0136511	0.257575	0.0135246
2.225	0.338338	0.0155177	0.21173	0.0124561	0.273246	0.0141154
2.275	0.30082	0.0145659	0.183291	0.0114769	0.211274	0.0122553
2.325	0.256017	0.0132385	0.154021	0.0102894	0.188932	0.0114214
2.375	0.217121	0.0121273	0.148768	0.0100087	0.16083	0.0104729
2.425	0.19033	0.0112455	0.124699	0.00905588	0.145701	0.00993331
2.475	0.189057	0.0111631	0.106746	0.0083657	0.146615	0.0097269
2.525	0.130476	0.00910617	0.0825715	0.00716689	0.1393	0.00926621
2.575	0.14154	0.00928672	0.0760235	0.00681252	0.113108	0.00833032
2.625	0.104284	0.00802161	0.0751818	0.00681823	0.100647	0.00779389
2.675	0.0928156	0.00746841	0.0672318	0.0062888	0.085081	0.00711371
2.725	0.0735909	0.00656672	0.0630779	0.00603681	0.0700866	0.0063595
2.775	0.0665296	0.00614119	0.0527649	0.0055355	0.0688238	0.00629736
2.825	0.0715493	0.00635864	0.0416901	0.00482842	0.0670423	0.00610908
2.875	0.0614476	0.00579989	0.0326614	0.00423958	0.0625548	0.00600638
2.925	0.0435296	0.00490795	0.0277501	0.00387587	0.0435296	0.00484725
2.975	0.0363783	0.00439649	0.0262138	0.00373564	0.041193	0.00467627
3.025	0.0347247	0.00426019	0.0263066	0.003711	0.0473519	0.00496882
3.075	0.0362304	0.00437682	0.0253613	0.00361415	0.0279492	0.00379312
3.125	0.027502	0.00373243	0.0147696	0.00273866	0.0336135	0.00412386
3.175	0.0225574	0.00335508	0.0165421	0.00287485	0.0275701	0.00370732
3.225	0.0246752	0.00348086	0.0212207	0.00322916	0.0266492	0.00361669
3.275	0.0179809	0.00302955	0.00923342	0.00211628	0.016037	0.00278707
3.325	0.0124452	0.00243753	0.00670126	0.00178973	0.0143598	0.0026178
3.375	0.0141471	0.00257902	0.0094314	0.00210682	0.0198059	0.0030497
3.425	0.0116171	0.00232052	0.00789966	0.00191432	0.016264	0.0027443
3.475	0.012366	0.00237662	0.008702	0.00199448	0.017404	0.00281793
3.525	0.00857856	0.00196619	0.0108361	0.00220925	0.0117391	0.00229923
3.575	0.00667783	0.00172291	0.00267113	0.00109016	0.00489708	0.00147571
3.625	0.00351238	0.00124132	0.00658572	0.00169915	0.0100981	0.00210318
3.675	0.00649612	0.00167603	0.00476382	0.00143556	0.00736227	0.00178409
3.725	0.00598166	0.00159755	0.0055544	0.00153951	0.0055544	0.00153951
3.775	0.00379442	0.00126424	0.00505923	0.0014596	0.0105401	0.00210538
3.825	0.00416091	0.00131514	0.00249655	0.00101891	0.00582528	0.00155578
3.875	0.00328578	0.00116123	0.00246433	0.00100576	0.00287506	0.00108629
3.925	0.00324392	0.00114644	0.00202745	0.000906477	0.00283843	0.00107245
3.975	0.00240234	0.000980456	0.00200195	0.000895075	0.00520507	0.00144269
4.025	0.000395416	0.000395396	0.0023725	0.000968277	0.0023725	0.000968277
4.075	0.00273395	0.00103297	0.00195282	0.00087311	0.00390564	0.00123445
4.125	0.00231498	0.000944803	0.00192915	0.000862527	0.00231498	0.000944803
4.175	0.00190605	0.000852197	0	0	0.00190605	0.000852197
4.225	0.00188349	0.000842112	0.000376698	0.000376679	0.00188349	0.000842112
4.275	0.000744585	0.000526448	0.00186146	0.000832263	0.00260605	0.000984648
4.325	0.00110396	0.000637279	0.000367988	0.00036797	0.00220793	0.000901113
4.375	0.000727565	0.000514415	0.000363783	0.000363765	0.00291026	0.00102852
4.425	0.000719344	0.000508602	0.000719344	0.000508602	0.000719344	0.000508602
4.475	0.00106696	0.000615918	0.00106696	0.000615918	0.00106696	0.000615918
4.525	0.000351724	0.000351706	0	0	0.000703447	0.000497363
4.575	0.00104364	0.000602455	0	0	0.000695759	0.000491927
4.625	0.000688238	0.000486609	0.000688238	0.000486609	0.00206471	0.000842663
4.675	0.000340438	0.000340421	0.000340438	0.000340421	0.00136175	0.000680741
4.725	0	0	0	0	0.00101051	0.000583329
4.775	0.000333309	0.000333292	0.000333309	0.000333292	0.000333309	0.000333292
4.825	0.000329855	0.000329838	0	0	0.00065971	0.000466438
4.875	0.000979415	0.000565381	0.000326472	0.000326455	0.000326472	0.000326455
4.925	0	0	0	0	0.000969472	0.000559641
4.975	0	0	0	0	0.000319909	0.000319893
