0.225	506.275	1.98432	40.3263	0.535579	4.26535	0.173069
0.275	404.23	1.62075	38.394	0.478332	4.49106	0.161405
0.325	318.31	1.30595	34.8427	0.418998	4.29963	0.146333
0.375	253.6	1.09322	33.5244	0.377503	4.07437	0.131489
0.425	202.494	0.91134	30.4866	0.337645	4.18671	0.12527
0.475	161.829	0.759111	27.904	0.302865	3.79961	0.112104
0.525	131.244	0.654167	25.2829	0.277719	3.81669	0.107885
0.575	105.48	0.550752	22.6554	0.253435	3.9941	0.105354
0.625	85.796	0.484534	20.5705	0.229276	3.69749	0.0964699
0.675	69.9952	0.418797	18.2403	0.208232	3.47783	0.0912411
0.725	57.1246	0.358057	15.6016	0.185027	3.56288	0.0891059
0.775	47.0462	0.314818	14.2952	0.171319	3.41516	0.0834293
0.825	38.4345	0.277036	12.4816	0.155364	3.21589	0.0787205
0.875	32.0765	0.246204	10.7116	0.139203	3.09943	0.0754715
0.925	26.3612	0.21814	9.23271	0.126421	3.05577	0.0729293
0.975	22.1364	0.194017	8.29891	0.116268	2.83214	0.0677768
1.025	18.0365	0.168762	7.26212	0.10649	2.81355	0.0663084
1.075	15.0494	0.151072	6.27737	0.0968376	2.62347	0.0623575
1.125	12.7182	0.134241	5.43673	0.0874165	2.48282	0.0600377
1.175	10.45	0.120779	4.57283	0.0788444	2.42593	0.0586713
1.225	9.09457	0.109967	4.0237	0.0733326	2.23337	0.054
1.275	7.28243	0.0960964	3.41902	0.0661325	2.00847	0.0502748
1.325	6.28091	0.0885675	3.03175	0.0605244	1.89064	0.0473549
1.375	5.1462	0.0769823	2.51175	0.0540327	1.6691	0.0437413
1.425	4.31114	0.0697672	2.18796	0.0501132	1.6083	0.0425974
1.475	3.60068	0.0625964	2.021	0.046862	1.55055	0.0405243
1.525	3.12987	0.0570633	1.63225	0.0411859	1.40474	0.0381868
1.575	2.54143	0.0512924	1.31164	0.0364276	1.25505	0.03558
1.625	2.20564	0.0465078	1.20272	0.0343103	1.18117	0.0341612
1.675	1.75023	0.0404547	0.950179	0.0300773	1.02334	0.0310086
1.725	1.55833	0.0376333	0.8885	0.0288575	0.90972	0.0290122
1.775	1.29386	0.0338925	0.721801	0.0255221	0.839262	0.0271433
1.825	1.08051	0.0308018	0.646213	0.0235961	0.763072	0.0257587
1.875	0.938802	0.0284031	0.583144	0.0220663	0.646806	0.0235224
1.925	0.789574	0.0254266	0.460516	0.0193186	0.585359	0.0220593
1.975	0.668048	0.0230517	0.402118	0.0178036	0.533471	0.020674
2.025	0.588677	0.0213064	0.340316	0.0164534	0.47943	0.0196455
2.075	0.469411	0.0193212	0.307572	0.0153195	0.407283	0.0176713
2.125	0.40519	0.0174	0.26738	0.0141761	0.387215	0.0169847
2.175	0.349043	0.016235	0.220256	0.0127572	0.330018	0.0156029
2.225	0.280399	0.0141737	0.180256	0.011302	0.300427	0.0144901
2.275	0.235759	0.0128549	0.173496	0.0109692	0.247652	0.0132269
2.325	0.22932	0.0124687	0.147176	0.00997588	0.222475	0.0122919
2.375	0.186965	0.0112776	0.127994	0.00922128	0.190316	0.011252
2.425	0.143732	0.00965029	0.102384	0.00823835	0.192955	0.0112026
2.475	0.111248	0.0084337	0.0816674	0.0073146	0.158833	0.0101043
2.525	0.105263	0.00812622	0.0844624	0.00730201	0.127954	0.00888901
2.575	0.087767	0.00731276	0.071697	0.00673263	0.110636	0.00819497
2.625	0.0770007	0.00684311	0.0509296	0.00566479	0.103678	0.00786038
2.675	0.0618771	0.00609428	0.0481927	0.00533301	0.0874608	0.0072097
2.725	0.053733	0.00563707	0.0560693	0.00569501	0.0811836	0.00688759
2.775	0.0430148	0.0050143	0.0361325	0.0045379	0.063662	0.0060089
2.825	0.0490141	0.00529227	0.0292958	0.00420576	0.0580282	0.00568816
2.875	0.0254648	0.00374593	0.0276791	0.00390462	0.0608941	0.005774
2.925	0.0250295	0.0036819	0.0190442	0.00321342	0.0555002	0.00546724
2.975	0.0230039	0.00350051	0.020329	0.00329153	0.0304936	0.00402744
3.025	0.0257805	0.00367389	0.0163101	0.00292484	0.0341986	0.004228
3.075	0.0181152	0.00305666	0.0139746	0.00268578	0.0295019	0.00389647
3.125	0.0208811	0.00325439	0.0106952	0.00233143	0.0371786	0.00433551
3.175	0.0105268	0.00229472	0.00852168	0.00206505	0.0215548	0.00328001
3.225	0.0128311	0.00251311	0.00987007	0.00220481	0.0133246	0.00256086
3.275	0.00826148	0.002002	0.00874745	0.00205994	0.0218686	0.00325264
3.325	0.0110092	0.00229294	0.0062226	0.00172472	0.0143598	0.0026178
3.375	0.00754512	0.00188477	0.00330099	0.00124722	0.0136755	0.0025358
3.425	0.00278812	0.0011379	0.00278812	0.0011379	0.0130112	0.00245544
3.475	0.005038	0.00151818	0.005496	0.00158561	0.008244	0.00194138
3.525	0.00316052	0.00119415	0.00270902	0.00110562	0.0117391	0.00229923
3.575	0.00489708	0.00147571	0.00178075	0.000890199	0.0040067	0.00133496
3.625	0.00263429	0.00107512	0.00263429	0.00107512	0.00658572	0.00169915
3.675	0.00216537	0.000968142	0.0017323	0.000865976	0.00476382	0.00143556
3.725	0.00256357	0.00104626	0.00299083	0.00113003	0.00598166	0.00159755
3.775	0.00126481	0.000730127	0.00210801	0.000942496	0.00548083	0.00151912
3.825	0.00249655	0.00101891	0.00249655	0.00101891	0.00208046	0.000930176
3.875	0.000821445	0.000580791	0.000821445	0.000580791	0.0036965	0.00123161
3.925	0.00283843	0.00107245	0.00040549	0.00040547	0.00243294	0.000992946
3.975	0.00200195	0.000895075	0.00040039	0.00040037	0.00120117	0.000693391
4.025	0.000790832	0.000559147	0.00118625	0.000684778	0.00276791	0.00104581
4.075	0.000781129	0.000552286	0.000390564	0.000390545	0.00117169	0.000676376
4.125	0.00154332	0.000771506	0.00077166	0.000545592	0.00038583	0.000385811
4.175	0.000381209	0.00038119	0.00114363	0.000660175	0.00190605	0.000852197
4.225	0	0	0	0	0.00113009	0.000652362
4.275	0	0	0.000744585	0.000526448	0.000744585	0.000526448
4.325	0.000367988	0.00036797	0	0	0.000367988	0.00036797
4.375	0.000363783	0.000363765	0.000727565	0.000514415	0.000363783	0.000363765
4.425	0	0	0	0	0.000359672	0.000359654
4.475	0.00106696	0.000615918	0	0	0.000711307	0.00050292
4.525	0.000703447	0.000497363	0.000351724	0.000351706	0.000351724	0.000351706
4.575	0	0	0.00034788	0.000347862	0.000695759	0.000491927
4.625	0	0	0	0	0.000344119	0.000344102
4.675	0.000340438	0.000340421	0	0	0	0
4.725	0.000336836	0.000336819	0	0	0.000336836	0.000336819
4.775	0.000333309	0.000333292	0	0	0	0
4.825	0	0	0.000329855	0.000329838	0	0
4.875	0	0	0	0	0.000326472	0.000326455
4.925	0.000323157	0.000323141	0.000323157	0.000323141	0	0
4.975	0	0	0	0	0.000319909	0.000319893
