0.225	47.5566	0.616295	4.60153	0.18537	0.469088	0.0589033
0.275	37.4783	0.508754	4.28881	0.16322	0.554377	0.0578355
0.325	29.5526	0.406194	3.67538	0.138077	0.494862	0.0507769
0.375	23.995	0.341067	3.44892	0.124552	0.446751	0.0444393
0.425	19.3824	0.288544	3.12594	0.11029	0.504566	0.0449924
0.475	15.0073	0.236839	2.93092	0.100893	0.504358	0.0427402
0.525	12.0527	0.203813	2.58477	0.0913193	0.465897	0.0390508
0.575	9.74888	0.173487	2.12692	0.0782832	0.474915	0.0377873
0.625	7.96378	0.15063	1.85223	0.07126	0.394034	0.032469
0.675	6.48533	0.12859	1.75722	0.0666548	0.379738	0.031447
0.725	5.40029	0.115449	1.50894	0.0598182	0.432116	0.0312869
0.775	4.47039	0.10088	1.27756	0.053137	0.352357	0.0277004
0.825	3.73849	0.0878664	1.13515	0.048741	0.32694	0.025868
0.875	2.98876	0.07655	0.982213	0.043966	0.317831	0.0246015
0.925	2.42332	0.0663869	0.84943	0.0390909	0.278917	0.0222929
0.975	2.1066	0.0608419	0.737139	0.0365159	0.297261	0.0226558
1.025	1.59686	0.0510233	0.655416	0.0330173	0.232092	0.0196051
1.075	1.37765	0.046538	0.592204	0.0308869	0.2587	0.0199028
1.125	1.20772	0.0431028	0.451218	0.0256784	0.221886	0.0180345
1.175	0.972396	0.0376972	0.409205	0.0240419	0.212444	0.0172671
1.225	0.802784	0.0331268	0.347371	0.0219333	0.188729	0.0160654
1.275	0.708231	0.0308831	0.30747	0.0206187	0.160305	0.0146573
1.325	0.592998	0.0276392	0.230119	0.0172677	0.161842	0.0143203
1.375	0.453249	0.0235451	0.246119	0.0173042	0.12306	0.0123009
1.425	0.4009	0.0219556	0.196335	0.0152412	0.114039	0.011639
1.475	0.345285	0.0200067	0.17605	0.0142981	0.118124	0.011959
1.525	0.292219	0.0178683	0.147208	0.0126268	0.118645	0.0114574
1.575	0.231885	0.0159553	0.111688	0.0108392	0.0904138	0.009878
1.625	0.21444	0.0149914	0.112375	0.0110918	0.0711365	0.00853267
1.675	0.16103	0.0128971	0.0970183	0.00980029	0.0790149	0.00885283
1.725	0.14568	0.0119592	0.0815806	0.00917549	0.0670126	0.00803802
1.775	0.137801	0.0113165	0.0679564	0.00797834	0.052855	0.00716758
1.825	0.11383	0.0102379	0.0697666	0.0079707	0.0541609	0.00702922
1.875	0.0866696	0.00884565	0.0518231	0.0067839	0.0527166	0.00684177
1.925	0.0809373	0.00853108	0.0487364	0.00649346	0.0365523	0.00562767
1.975	0.0644678	0.00746238	0.0339304	0.00535357	0.0296891	0.00500913
2.025	0.0579121	0.00689627	0.0289561	0.00488544	0.0364019	0.00547507
2.075	0.0484428	0.00633786	0.0258362	0.00455954	0.0298731	0.00490153
2.125	0.0512449	0.00633437	0.0244399	0.00438237	0.0236515	0.00431133
2.175	0.0377427	0.0053779	0.0238781	0.00441802	0.0215673	0.00406982
2.225	0.0331298	0.00498293	0.0173179	0.00360665	0.0218356	0.00404857
2.275	0.0213557	0.00395959	0.0139916	0.00320669	0.0162009	0.00345003
2.325	0.0201758	0.00380725	0.00864679	0.00249454	0.0201758	0.00380725
2.375	0.0169295	0.00345135	0.0112863	0.00281921	0.0141079	0.0031513
2.425	0.0131262	0.00300834	0.0165804	0.00338019	0.0117445	0.0028459
2.475	0.00744585	0.00224371	0.00744585	0.00224371	0.0108303	0.0027053
2.525	0.0145968	0.00310844	0.00928888	0.00248073	0.0119428	0.00281229
2.575	0.0110603	0.00268012	0.00650608	0.00205632	0.00390365	0.00159315
2.625	0.00957323	0.00246985	0.00446751	0.00168794	0.0102114	0.00255071
2.675	0.0100206	0.00250303	0.00375772	0.0015336	0.004384	0.00165639
2.725	0.00676274	0.00203786	0.00368877	0.00150546	0.00491836	0.00173817
2.775	0.00543345	0.00181029	0.00301859	0.0013496	0.0036223	0.00147833
2.825	0.00415122	0.00156844	0.00296516	0.00132571	0.00355819	0.00145217
2.875	0.00349631	0.00142691	0.00291359	0.00130265	0.00582718	0.00184175
2.925	0.00286379	0.00128039	0.000572757	0.000572727	0.00286379	0.00128039
2.975	0.00394192	0.00148936	0.00281566	0.00125887	0.00112626	0.000796304
3.025	0.000553823	0.000553794	0.00276912	0.00123806	0.00221529	0.00110741
3.075	0.00163445	0.000943503	0.00108964	0.000770408	0.00381373	0.00144092
3.125	0.000536101	0.000536073	0.0010722	0.000758081	0	0
3.175	0.00316595	0.00129209	0.00105532	0.000746143	0.00211063	0.00105509
3.225	0.00103896	0.000734575	0	0	0.000519478	0.00051945
3.275	0.000511547	0.00051152	0.00102309	0.00072336	0.00204619	0.00102288
3.325	0.00201542	0.0010075	0.000503854	0.000503828	0.00100771	0.000712482
3.375	0.000992779	0.000701927	0	0	0.000992779	0.000701927
3.425	0	0	0.000978286	0.00069168	0	0
3.475	0.00096421	0.000681728	0.00144632	0.000834899	0.00144632	0.000834899
3.525	0.000475267	0.000475242	0	0	0.0014258	0.000823056
3.575	0.00046862	0.000468595	0	0	0	0
3.625	0.000462156	0.000462132	0.000462156	0.000462132	0.000924312	0.000653518
3.675	0	0	0	0	0	0
3.725	0.000449749	0.000449725	0	0	0	0
3.775	0	0	0	0	0.000443792	0.000443769
3.825	0.000437991	0.000437968	0	0	0	0
3.875	0.000432339	0.000432317	0.000864679	0.000611356	0	0
3.925	0	0	0	0	0.000426832	0.000426809
3.975	0.000421463	0.000421441	0	0	0.000421463	0.000421441
4.025	0	0	0	0	0	0
4.075	0	0	0.00041112	0.000411099	0	0
4.125	0	0	0	0	0.000406137	0.000406116
4.175	0	0	0	0	0.000401273	0.000401252
4.225	0	0	0	0	0.000396524	0.000396503
4.275	0	0	0	0	0	0
4.325	0	0	0	0	0	0
4.375	0	0	0	0	0	0
4.425	0	0	0	0	0	0
4.475	0	0	0	0	0	0
4.525	0	0	0	0	0	0
4.575	0	0	0	0	0.000732378	0.000517815
4.625	0	0	0	0	0	0
4.675	0	0	0	0	0.000358356	0.000358337
4.725	0	0	0	0	0	0
4.775	0	0	0	0	0	0
4.825	0	0	0	0	0	0
4.875	0	0	0	0	0	0
4.925	0	0	0	0	0	0
4.975	0	0	0	0	0	0
