0.225	21.1691	0.418191	2.05575	0.122165	0.3021	0.0470792
0.275	17.1634	0.33602	1.86284	0.106666	0.25923	0.0394435
0.325	13.7526	0.277009	1.73438	0.0943305	0.255056	0.0359763
0.375	10.8623	0.228789	1.6225	0.0862905	0.282942	0.0352497
0.425	8.38294	0.187563	1.50183	0.0773865	0.218448	0.0296243
0.475	6.84785	0.160286	1.39959	0.0701746	0.230356	0.0286851
0.525	5.49779	0.135134	1.0263	0.0571906	0.211575	0.0261419
0.575	4.1807	0.111779	0.980302	0.0536282	0.21336	0.0247068
0.625	3.30512	0.0960909	0.878005	0.0485928	0.204249	0.0234843
0.675	2.66732	0.0813537	0.812967	0.0445893	0.218592	0.0233232
0.725	2.22725	0.0720651	0.727173	0.0413804	0.192084	0.0208661
0.775	1.71134	0.0613812	0.526238	0.0336672	0.186109	0.0200914
0.825	1.4127	0.0535275	0.460183	0.0305777	0.152724	0.0174492
0.875	1.35092	0.0511234	0.47936	0.0302163	0.143997	0.0164521
0.925	1.05924	0.044865	0.329781	0.024343	0.132629	0.015566
0.975	0.858689	0.0386413	0.297565	0.0228009	0.124127	0.0144727
1.025	0.744017	0.0350635	0.274963	0.02115	0.108368	0.0131929
1.075	0.552107	0.0293687	0.237499	0.0189841	0.101785	0.0128611
1.125	0.449465	0.0262505	0.169471	0.0162519	0.117893	0.0131258
1.175	0.428928	0.0249372	0.16367	0.0151043	0.0860678	0.0109848
1.225	0.341046	0.0213721	0.129922	0.0131937	0.0825549	0.0105364
1.275	0.253556	0.0182522	0.115725	0.0122099	0.0702154	0.0095282
1.325	0.233978	0.0172177	0.1026	0.0112818	0.057556	0.00846582
1.375	0.201355	0.015539	0.0880175	0.0102624	0.0446116	0.00731996
1.425	0.181492	0.0145061	0.0721316	0.0091311	0.0372292	0.00657028
1.475	0.129257	0.0119809	0.0561988	0.00792698	0.046083	0.00718157
1.525	0.096754	0.0102083	0.0608789	0.00825594	0.0456592	0.00702994
1.575	0.0884194	0.00971972	0.037894	0.00630382	0.0305257	0.00565992
1.625	0.0765168	0.00880082	0.0397887	0.00635834	0.0346876	0.00593833
1.675	0.0801713	0.00898003	0.0346419	0.00584487	0.0237545	0.0048428
1.725	0.0557427	0.00729723	0.0221049	0.00460366	0.0326767	0.00559408
1.775	0.0588425	0.00738909	0.0280202	0.00510777	0.0205482	0.00437586
1.825	0.0272526	0.00496783	0.0199852	0.00425598	0.0208936	0.00453708
1.875	0.0300626	0.00514656	0.0194523	0.00414248	0.0203365	0.0044161
1.925	0.0275593	0.0050139	0.0180858	0.00394232	0.0137796	0.00344204
1.975	0.0193068	0.00402091	0.0134308	0.0033549	0.0209856	0.00419166
2.025	0.016374	0.00365751	0.0106431	0.00294986	0.0106431	0.00294986
2.075	0.0143815	0.00338657	0.0111856	0.00298729	0.0127835	0.00319322
2.125	0.0132629	0.00321388	0.00936206	0.0027009	0.0101422	0.00281104
2.175	0.0106713	0.00284995	0.0083846	0.0025266	0.00914684	0.00263881
2.225	0.00894129	0.00257951	0.00670597	0.00223427	0.00447064	0.00182456
2.275	0.00874478	0.00252282	0.00364366	0.00162907	0.00582985	0.0020603
2.325	0.00784366	0.0023636	0.00285224	0.00142582	0.00213918	0.00123486
2.375	0.00488634	0.00184619	0.00209414	0.00120887	0.00558438	0.00197356
2.425	0.00410193	0.00167408	0.00410193	0.00167408	0.0061529	0.00205
2.475	0.00267938	0.00133941	0.000669844	0.000669809	0.00468891	0.00177159
2.525	0.00393948	0.00160778	0.00065658	0.000656546	0.00065658	0.000656546
2.575	0.00450681	0.00170279	0.00128766	0.000910419	0.00321915	0.00143927
2.625	0.00442097	0.00167036	0.0018947	0.00109374	0	0
2.675	0.00185929	0.00107329	0.00185929	0.00107329	0.00123952	0.000876385
2.725	0.00365034	0.00148978	0.00060839	0.000608359	0.00243356	0.00121653
2.775	0.000597428	0.000597397	0.00179229	0.00103461	0.00179229	0.00103461
2.825	0	0	0	0	0.00117371	0.000829851
2.875	0.00230659	0.00115306	0.00230659	0.00115306	0.0011533	0.000815419
2.925	0.00170037	0.000981558	0.000566791	0.000566762	0.00226716	0.00113335
2.975	0.00111453	0.00078801	0	0	0.0016718	0.000965061
3.025	0	0	0	0	0	0
3.075	0.00161743	0.000933677	0.00215657	0.00107806	0	0
3.125	0.000530516	0.000530489	0.00106103	0.000750185	0.00212207	0.00106081
3.175	0.00104432	0.000738371	0	0	0.000522162	0.000522135
3.225	0	0	0	0	0.000514066	0.00051404
3.275	0	0	0.00101244	0.000715826	0	0
3.325	0	0	0	0	0	0
3.375	0.000982438	0.000694616	0	0	0	0
3.425	0	0	0	0	0.000484048	0.000484023
3.475	0.000477083	0.000477058	0	0	0.000477083	0.000477058
3.525	0	0	0	0	0	0
3.575	0	0	0	0	0	0
3.625	0	0	0	0	0	0
3.675	0.00135336	0.00078124	0	0	0	0
3.725	0	0	0	0	0.000890128	0.00062935
3.775	0	0	0	0	0	0
3.825	0	0	0	0	0.000433428	0.000433406
3.875	0	0	0	0	0	0
3.925	0.000422386	0.000422364	0	0	0	0
3.975	0	0	0	0	0.000417073	0.000417051
4.025	0	0	0.000411892	0.00041187	0	0
4.075	0	0	0	0	0.000406838	0.000406817
4.125	0	0	0.000401906	0.000401885	0	0
4.175	0.000397093	0.000397072	0	0	0	0
4.225	0.000392394	0.000392373	0	0	0	0
4.275	0	0	0	0	0	0
4.325	0	0	0	0	0	0
4.375	0	0	0	0	0	0
4.425	0	0	0	0	0	0
4.475	0	0	0	0	0	0
4.525	0	0	0.000366379	0.00036636	0	0
4.575	0	0	0	0	0	0
4.625	0	0	0	0	0	0
4.675	0	0	0	0	0	0
4.725	0	0	0	0	0	0
4.775	0	0	0	0	0	0
4.825	0	0	0	0	0	0
4.875	0	0	0	0	0	0
4.925	0	0	0	0	0	0
4.975	0	0	0	0	0	0
