0.225	600.162	2.13872	42.1743	0.549759	4.32353	0.176269
0.275	478.333	1.74592	41.0732	0.494062	3.88586	0.15031
0.325	387.708	1.42508	38.442	0.444987	3.69779	0.136128
0.375	313.044	1.18206	36.6295	0.401389	4.01893	0.13151
0.425	254.117	1.00896	34.2498	0.359025	3.69897	0.120377
0.475	209.49	0.864736	31.5848	0.333696	3.75065	0.113612
0.525	171.931	0.746335	29.4151	0.298546	3.55121	0.104789
0.575	141.675	0.651203	27.3317	0.279451	3.58699	0.101341
0.625	117.484	0.566936	24.5501	0.254321	3.48712	0.0952688
0.675	97.9711	0.493442	22.1879	0.230395	3.49347	0.0923362
0.725	81.2441	0.434339	20.521	0.213208	3.21894	0.0842413
0.775	67.5785	0.384668	18.0634	0.193242	3.2271	0.0818596
0.825	57.3253	0.337353	16.3899	0.1813	3.07286	0.0777094
0.875	48.5631	0.306561	14.555	0.162663	2.96594	0.0747829
0.925	40.2426	0.26609	13.0607	0.153021	2.88638	0.071062
0.975	34.6843	0.24368	11.5181	0.139277	2.86329	0.0692702
1.025	29.0979	0.216361	10.3257	0.127555	2.70302	0.0653084
1.075	24.6898	0.195862	9.19579	0.118283	2.64377	0.0635493
1.125	20.7934	0.174375	7.86464	0.108002	2.36603	0.0583694
1.175	17.5838	0.156243	7.11118	0.0985881	2.41324	0.0572039
1.225	14.9742	0.142435	6.03211	0.0903012	2.31474	0.054837
1.275	12.7846	0.128196	5.40324	0.0839691	2.16665	0.0526377
1.325	10.7664	0.115258	4.70417	0.0761988	2.0665	0.0506837
1.375	9.23158	0.106184	4.22956	0.0711072	1.98309	0.0492305
1.425	7.92641	0.0956853	3.62871	0.0636945	1.93744	0.0471154
1.475	6.88369	0.0873191	3.22384	0.0594273	1.77928	0.044282
1.525	5.76451	0.0780182	2.7337	0.0533597	1.65598	0.0422267
1.575	4.92983	0.0721537	2.5273	0.0511008	1.59413	0.0402816
1.625	4.27645	0.0660714	2.16771	0.0471411	1.43514	0.0377608
1.675	3.73963	0.0601836	1.87903	0.0427794	1.25268	0.0350881
1.725	3.17463	0.0553608	1.54306	0.0383685	1.19755	0.0336948
1.775	2.69269	0.0498222	1.4264	0.0361721	1.18394	0.0327487
1.825	2.30301	0.0454323	1.28677	0.034288	1.08921	0.0312235
1.875	1.88821	0.0403393	1.10434	0.0308077	0.97615	0.0288753
1.925	1.73033	0.0385481	0.967669	0.0287678	0.89174	0.0274024
1.975	1.48095	0.0352918	0.862586	0.0263482	0.770489	0.0253102
2.025	1.26875	0.0319653	0.732217	0.0242453	0.724197	0.0238151
2.075	1.10512	0.0296439	0.631611	0.0222825	0.670744	0.0227654
2.125	0.950726	0.0267824	0.551788	0.0205469	0.646555	0.022268
2.175	0.860923	0.0252919	0.493556	0.0193909	0.501023	0.0192849
2.225	0.722602	0.0228727	0.427722	0.0175322	0.499982	0.0190492
2.275	0.618202	0.0208549	0.368351	0.016071	0.440451	0.0177485
2.325	0.501528	0.0187871	0.342967	0.0155628	0.37929	0.0162456
2.375	0.441736	0.0173451	0.283094	0.0137529	0.354209	0.015692
2.425	0.391776	0.0162957	0.241763	0.0127015	0.320788	0.0146355
2.475	0.330055	0.0147191	0.219818	0.0120198	0.284779	0.0135557
2.525	0.275281	0.0134193	0.209677	0.0115621	0.240549	0.0125003
2.575	0.285072	0.0133366	0.161457	0.0101169	0.2466	0.0123815
2.625	0.216537	0.011533	0.139821	0.00935797	0.20602	0.0111651
2.675	0.197919	0.01088	0.114745	0.00831004	0.188812	0.0107088
2.725	0.171045	0.0101595	0.112043	0.00818014	0.163893	0.0098161
2.775	0.13519	0.00882824	0.103587	0.007891	0.143383	0.00915806
2.825	0.128198	0.00852538	0.0931302	0.00725627	0.113251	0.00798728
2.875	0.106197	0.00775335	0.0547934	0.00553582	0.123144	0.00832409
2.925	0.104382	0.00758025	0.0671821	0.00612022	0.109934	0.00796895
2.975	0.0807921	0.00663579	0.0622317	0.00579454	0.0928017	0.00705556
3.025	0.0789198	0.00650466	0.0601294	0.00564913	0.0891203	0.00694179
3.075	0.0665456	0.00593729	0.0543984	0.00538385	0.0749959	0.00629224
3.125	0.0582052	0.00546836	0.0332601	0.00414392	0.0649612	0.00581973
3.175	0.045524	0.00485773	0.0322248	0.00404688	0.0598461	0.00549965
3.225	0.0397824	0.0044578	0.0302145	0.00388872	0.0508611	0.00508484
3.275	0.0272738	0.00366726	0.0242985	0.00346252	0.0510764	0.00500619
3.325	0.0278405	0.00367683	0.0244215	0.0034449	0.0400513	0.00440438
3.375	0.019729	0.00307469	0.0211725	0.0032566	0.0360896	0.00420669
3.425	0.025131	0.00344266	0.0146992	0.00263588	0.0298727	0.00375149
3.475	0.0229	0.00326324	0.0158898	0.00279948	0.0233673	0.0032962
3.525	0.0175073	0.00283454	0.014743	0.00260195	0.0239573	0.00331346
3.575	0.0113569	0.00226847	0.0136282	0.00248435	0.0213509	0.00310687
3.625	0.0143363	0.00253018	0.00761614	0.00184558	0.0210564	0.00312884
3.675	0.0110478	0.00220674	0.00972208	0.00207043	0.0234214	0.00320846
3.725	0.0122075	0.0023037	0.00784766	0.00184801	0.0152593	0.00264749
3.775	0.00946455	0.00201558	0.0064531	0.00166491	0.0133364	0.0023915
3.825	0.00891624	0.0019436	0.005095	0.0014699	0.0135867	0.00239788
3.875	0.0096394	0.00200759	0.00251463	0.00102628	0.0125731	0.00229201
3.925	0.00372389	0.00124073	0.00579272	0.00154706	0.00786155	0.00180181
3.975	0.00612842	0.00158114	0.00408561	0.00129132	0.00898834	0.00191417
4.025	0.00524531	0.00145382	0.00201743	0.000901991	0.00726274	0.00171027
4.075	0.00278974	0.00105405	0.00278974	0.00105405	0.00876777	0.0018672
4.125	0.00472445	0.001363	0.00433075	0.00130504	0.00590556	0.00152364
4.175	0.00388989	0.00122946	0.00272292	0.0010288	0.00622383	0.00155469
4.225	0.00230631	0.000941261	0.0026907	0.00101663	0.00422824	0.00127415
4.275	0.00531846	0.0014204	0.00265923	0.00100474	0.00493857	0.0013688
4.325	0.00225299	0.000919498	0.00187749	0.000839425	0.00563247	0.00145319
4.375	0.00111362	0.000642851	0.00148483	0.000742262	0.00371207	0.00117326
4.425	0.00256909	0.000970677	0.000734025	0.000518981	0.0029361	0.00103764
4.475	0.00254038	0.000959831	0.00181456	0.000811288	0.00145165	0.000725675
4.525	0.0010767	0.000621541	0	0	0.00251231	0.000949225
4.575	0.000709958	0.000501965	0.00106494	0.000614748	0.00106494	0.000614748
4.625	0.000702283	0.000496539	0.00105342	0.000608102	0.00245799	0.000928702
4.675	0.00173693	0.000776581	0.000347386	0.000347368	0	0
4.725	0.00034371	0.000343693	0.00034371	0.000343693	0.00068742	0.00048603
4.775	0.000680222	0.000480941	0.000680222	0.000480941	0.00102033	0.000588999
4.825	0.00100976	0.000582896	0.000673173	0.000475957	0.000673173	0.000475957
4.875	0.000999403	0.000576917	0.000666269	0.000471075	0.000666269	0.000471075
4.925	0.00131901	0.00065937	0.000329752	0.000329735	0.000329752	0.000329735
4.975	0.00130575	0.000652743	0.000979315	0.000565321	0.000979315	0.000565321
