0.225	513.54	2.00769	39.7958	0.533517	4.44926	0.178309
0.275	402.922	1.60052	37.9715	0.467901	4.28271	0.156501
0.325	319.25	1.30823	35.6164	0.42718	4.04498	0.142249
0.375	252.449	1.07492	33.8088	0.380845	4.11256	0.134553
0.425	202.554	0.901709	30.8611	0.3437	3.96577	0.122659
0.475	162.881	0.767092	27.961	0.306635	3.90684	0.113628
0.525	131.32	0.639594	25.5588	0.27799	3.98342	0.109779
0.575	104.644	0.552215	23.1591	0.257525	3.98026	0.105806
0.625	86.2442	0.479265	20.5756	0.231258	3.59817	0.0955979
0.675	70.8416	0.422673	18.2663	0.207777	3.63345	0.0923944
0.725	57.2146	0.36439	15.5994	0.18767	3.31262	0.0851711
0.775	47.2433	0.318912	14.2172	0.173603	3.3823	0.0829552
0.825	38.61	0.276912	12.6822	0.156014	3.1831	0.0775929
0.875	32.2257	0.246339	10.6425	0.140252	3.174	0.0758401
0.925	26.535	0.217478	9.55274	0.127249	3.00588	0.0716437
0.975	21.8948	0.191426	8.21403	0.115609	2.72441	0.0665162
1.025	18.2042	0.168761	7.24194	0.105067	2.76697	0.065112
1.075	15.2448	0.151332	6.27145	0.096876	2.60274	0.0615961
1.125	12.7083	0.136192	5.36741	0.0867318	2.48282	0.0592998
1.175	10.6979	0.121304	4.64055	0.0801139	2.29454	0.056127
1.225	8.77626	0.107404	4.0133	0.0721369	2.18529	0.0536799
1.275	7.4522	0.0973326	3.45897	0.0651637	2.07838	0.0509776
1.325	6.12476	0.0860076	2.96569	0.0595204	1.97112	0.0486987
1.375	5.17167	0.0774369	2.48166	0.0542951	1.82421	0.0462652
1.425	4.14808	0.0676483	2.13994	0.0496338	1.64851	0.0429692
1.475	3.57047	0.062229	1.88396	0.0454361	1.47717	0.0400776
1.525	3.04325	0.0561405	1.65312	0.0421234	1.37656	0.0381039
1.575	2.50909	0.0502871	1.34398	0.0367846	1.25505	0.0364308
1.625	2.13904	0.0459701	1.14396	0.0338087	1.11359	0.0330648
1.675	1.8747	0.0425541	0.997688	0.0309903	1.0547	0.0314965
1.725	1.4956	0.0373894	0.869124	0.0282764	0.973382	0.0300912
1.775	1.30911	0.0348523	0.784567	0.026545	0.869748	0.0279822
1.825	1.10231	0.0313007	0.610457	0.0230896	0.734293	0.0254418
1.875	0.949837	0.028531	0.541551	0.0216292	0.683305	0.024161
1.925	0.773038	0.0252347	0.501028	0.0202734	0.625045	0.0226852
1.975	0.639037	0.0224789	0.408565	0.018186	0.57054	0.0214403
2.025	0.565098	0.0213122	0.337173	0.0162712	0.472356	0.0191695
2.075	0.487052	0.019201	0.279959	0.0147074	0.441799	0.0183895
2.125	0.387215	0.0169516	0.23143	0.0131752	0.386466	0.0170358
2.175	0.3227	0.0153414	0.218792	0.0127597	0.296357	0.0148996
2.225	0.276107	0.0140735	0.151644	0.0103535	0.266808	0.0137793
2.275	0.240656	0.0129407	0.147612	0.0101028	0.307816	0.0145849
2.325	0.219052	0.0123171	0.123901	0.00922791	0.239588	0.0128019
2.375	0.197687	0.011457	0.0978384	0.00803784	0.207739	0.0118442
2.425	0.159483	0.0101483	0.101728	0.00816037	0.166046	0.010431
2.475	0.138256	0.00937129	0.090027	0.00760976	0.154975	0.00994531
2.525	0.121651	0.00871742	0.0813108	0.00711269	0.147494	0.00961154
2.575	0.0883851	0.00738997	0.0587174	0.00599559	0.116199	0.00853004
2.625	0.0618431	0.00609207	0.0545674	0.00572597	0.113985	0.00836757
2.675	0.0654469	0.0062057	0.0410531	0.00492513	0.10174	0.0078047
2.725	0.0589895	0.00589808	0.0420519	0.004938	0.084688	0.00703047
2.775	0.0510443	0.00544728	0.0401472	0.00484999	0.0682502	0.00621915
2.825	0.0484507	0.00532269	0.0270423	0.00389383	0.0704225	0.00625929
2.875	0.0365364	0.00448246	0.0337685	0.00431041	0.0453938	0.0051136
2.925	0.0310148	0.00409629	0.0201324	0.00330362	0.0359119	0.00440584
2.975	0.0262138	0.00373564	0.0155143	0.00287675	0.0444029	0.00485358
3.025	0.0257805	0.00367389	0.0147317	0.00278013	0.0247282	0.00359849
3.075	0.0227734	0.00342566	0.0150097	0.00278319	0.0315722	0.00403006
3.125	0.013751	0.0026428	0.0112045	0.00238618	0.0285206	0.00380053
3.175	0.0125319	0.00250324	0.0105268	0.00229472	0.0225574	0.00335508
3.225	0.0118441	0.00241476	0.00789606	0.00197243	0.0197401	0.00311494
3.275	0.0145791	0.00274519	0.0116633	0.00237789	0.0174949	0.00291056
3.325	0.00861591	0.00202896	0.00813725	0.00197189	0.0134025	0.00252929
3.375	0.00613041	0.00169917	0.00565884	0.00163259	0.0103745	0.00220943
3.425	0.00557623	0.00160875	0.00511155	0.00154034	0.0120818	0.00236636
3.475	0.005496	0.00158561	0.004122	0.00137338	0.010992	0.00224104
3.525	0.00180601	0.000902826	0.00361203	0.00127653	0.00767556	0.00186001
3.575	0.00267113	0.00109016	0.00311632	0.00117745	0.00712302	0.00177933
3.625	0.00351238	0.00124132	0.00307334	0.00116121	0.00482953	0.00145536
3.675	0.00476382	0.00143556	0	0	0.00649612	0.00167603
3.725	0.00299083	0.00113003	0.00213631	0.000955147	0.00512714	0.00147919
3.775	0.00379442	0.00126424	0.000421602	0.000421581	0.00463763	0.00139753
3.825	0.00291264	0.00110049	0.00124827	0.000720583	0.00416091	0.00131514
3.875	0.00205361	0.000918174	0.00164289	0.000821281	0.00410722	0.00129817
3.925	0.00283843	0.00107245	0.00040549	0.00040547	0.00283843	0.00107245
3.975	0.00040039	0.00040037	0.00040039	0.00040037	0.00480468	0.00138616
4.025	0	0	0.000395416	0.000395396	0.00197708	0.000883956
4.075	0	0	0.000390564	0.000390545	0.00117169	0.000676376
4.125	0.00192915	0.000862527	0.00038583	0.000385811	0.00192915	0.000862527
4.175	0	0	0.000381209	0.00038119	0.000762419	0.000539058
4.225	0.000753396	0.000532678	0.00113009	0.000652362	0	0
4.275	0.000744585	0.000526448	0.000744585	0.000526448	0.000744585	0.000526448
4.325	0.00110396	0.000637279	0	0	0.000735977	0.000520362
4.375	0.000727565	0.000514415	0	0	0.0021827	0.000890815
4.425	0	0	0.000359672	0.000359654	0.000359672	0.000359654
4.475	0.00106696	0.000615918	0	0	0.000711307	0.00050292
4.525	0	0	0.000351724	0.000351706	0.000703447	0.000497363
4.575	0	0	0	0	0	0
4.625	0.000344119	0.000344102	0	0	0.000344119	0.000344102
4.675	0	0	0.000340438	0.000340421	0.000680877	0.000481404
4.725	0	0	0	0	0	0
4.775	0	0	0	0	0.000333309	0.000333292
4.825	0	0	0	0	0	0
4.875	0	0	0	0	0.000326472	0.000326455
4.925	0	0	0	0	0	0
4.975	0	0	0	0	0	0
