0.225	767.914	2.43272	53.7013	0.630635	4.79269	0.186972
0.275	620.799	1.96572	51.0123	0.548812	4.94886	0.171194
0.325	499.936	1.61778	48.9907	0.490472	4.8571	0.156239
0.375	405.73	1.35383	46.0315	0.452037	4.61658	0.140202
0.425	329.139	1.16498	42.9279	0.409037	4.30272	0.128716
0.475	267.35	0.973732	40.2212	0.371595	4.58489	0.125226
0.525	219.816	0.846191	37.5352	0.342461	4.28435	0.115714
0.575	181.555	0.727531	34.6017	0.313903	4.43713	0.110663
0.625	150.827	0.635664	31.5815	0.286897	4.19649	0.10416
0.675	125.375	0.554977	28.8404	0.26447	4.39811	0.103009
0.725	103.812	0.486796	26.1816	0.243251	4.01639	0.0948507
0.775	86.9998	0.430879	23.2414	0.220189	3.95635	0.0913963
0.825	73.414	0.38697	20.9096	0.202586	3.96263	0.0874501
0.875	61.5665	0.344703	18.7979	0.186815	3.72877	0.083566
0.925	51.9777	0.302842	16.7214	0.172348	3.71683	0.0814407
0.975	43.504	0.272381	14.9061	0.15766	3.54455	0.0765107
1.025	36.5858	0.241068	13.0651	0.144048	3.46829	0.0749223
1.075	31.0363	0.215981	11.6069	0.133575	3.24051	0.0706255
1.125	26.4522	0.197248	10.3606	0.123449	3.29859	0.0702807
1.175	22.4462	0.177681	9.00749	0.111409	3.02968	0.0644402
1.225	18.8984	0.158855	7.95841	0.103151	2.91663	0.0621278
1.275	15.8047	0.142512	6.86169	0.0917435	2.83919	0.0604731
1.325	13.6798	0.129679	6.09287	0.0868203	2.66341	0.0576093
1.375	11.6257	0.116559	5.42131	0.0810436	2.48742	0.0543238
1.425	10.0257	0.107458	4.64985	0.0725943	2.42066	0.0524206
1.475	8.64755	0.0979093	4.20156	0.0681585	2.24281	0.0500166
1.525	7.31186	0.0881881	3.49726	0.0604255	2.14691	0.0473063
1.575	6.30021	0.0806697	3.04905	0.0561826	2.03648	0.0454046
1.625	5.26086	0.0729802	2.73936	0.0527355	1.8429	0.042648
1.675	4.58122	0.0667729	2.37836	0.0485657	1.61724	0.0394092
1.725	3.95698	0.0612057	2.13148	0.044568	1.57696	0.0386198
1.775	3.39994	0.0552839	1.77408	0.0403133	1.41725	0.0360466
1.825	2.86808	0.0503944	1.60089	0.0376783	1.32058	0.034226
1.875	2.51616	0.0472657	1.34513	0.0342857	1.24033	0.033036
1.925	2.10491	0.0425672	1.19967	0.0319438	1.11193	0.0307296
1.975	1.86003	0.0388127	1.06734	0.0297402	1.02129	0.0286342
2.025	1.57912	0.0353549	0.896625	0.0267492	0.891813	0.0268855
2.075	1.3634	0.0328193	0.815537	0.0250845	0.84293	0.0258237
2.125	1.21669	0.0305067	0.716102	0.0231734	0.781063	0.0244252
2.175	1.05581	0.0280972	0.594358	0.0208983	0.69516	0.023021
2.225	0.832087	0.0248315	0.562754	0.020311	0.5883	0.0207183
2.275	0.798095	0.0239165	0.481855	0.0185673	0.56038	0.0200659
2.325	0.645421	0.0212429	0.399546	0.017317	0.494543	0.0183596
2.375	0.537468	0.0191582	0.383613	0.0163954	0.445839	0.0176021
2.425	0.507635	0.0185033	0.303376	0.0143019	0.380391	0.0158633
2.475	0.423232	0.0165292	0.258532	0.0131589	0.39436	0.0159673
2.525	0.361467	0.0153526	0.218681	0.0116876	0.317731	0.0142823
2.575	0.315976	0.0143458	0.196776	0.0110338	0.289487	0.0136075
2.625	0.259226	0.0125439	0.184985	0.0106419	0.257989	0.0127882
2.675	0.262273	0.0127198	0.151171	0.00957381	0.224025	0.0116323
2.725	0.210379	0.0112177	0.135286	0.00891459	0.199651	0.0108845
2.775	0.181423	0.0102741	0.119973	0.00837341	0.183764	0.0103363
2.825	0.149468	0.0091819	0.106352	0.00782991	0.165565	0.00971418
2.875	0.128793	0.00857977	0.0932052	0.00719467	0.153647	0.00925526
2.925	0.105493	0.00757868	0.0821731	0.00670339	0.131588	0.00865986
2.975	0.102628	0.00749273	0.0682366	0.00611316	0.125555	0.00832557
3.025	0.0960996	0.00715731	0.0628137	0.00577236	0.114353	0.00782376
3.075	0.0712989	0.00618488	0.0533421	0.00528032	0.0897838	0.00690735
3.125	0.0660006	0.00581853	0.0467721	0.00490752	0.0722369	0.00612768
3.175	0.0552426	0.00528635	0.0450125	0.00477675	0.0731453	0.00607193
3.225	0.0503575	0.00500999	0.0342431	0.00413816	0.0553933	0.00529988
3.275	0.0406627	0.00447162	0.0411586	0.00449857	0.0520681	0.00505404
3.325	0.0400513	0.00440438	0.0258868	0.0035462	0.045424	0.00478854
3.375	0.0312776	0.00386662	0.019729	0.00307469	0.044751	0.0046184
3.425	0.0312952	0.00395457	0.0241826	0.00337742	0.0369852	0.00417105
3.475	0.0186939	0.00294972	0.0210306	0.00312785	0.0303775	0.00375535
3.525	0.0198109	0.00301449	0.0129001	0.0024344	0.032711	0.00386799
3.575	0.014991	0.00260521	0.0154453	0.00264425	0.0236223	0.00326711
3.625	0.0183683	0.00286265	0.0134402	0.00245008	0.0206084	0.0030314
3.675	0.0172346	0.00275425	0.0119316	0.00229308	0.0176765	0.00278919
3.725	0.0122075	0.0023037	0.0100276	0.00208844	0.0217991	0.00313618
3.775	0.00817393	0.00187341	0.00946455	0.00201558	0.0163479	0.00264683
3.825	0.0106146	0.00212021	0.00594416	0.00158751	0.0186817	0.00287347
3.875	0.00754388	0.00177648	0.0088012	0.00191852	0.0125731	0.00229201
3.925	0.00827531	0.00184853	0.00537895	0.00149086	0.0103441	0.00206619
3.975	0.00653698	0.00163291	0.00326849	0.00115511	0.0114397	0.00215881
4.025	0.00605229	0.0015615	0.00524531	0.00145382	0.0104906	0.00205465
4.075	0.00637656	0.00159284	0.00677509	0.00164178	0.00717363	0.00168929
4.125	0.00433075	0.00130504	0.00118111	0.000681811	0.0090552	0.00188592
4.175	0.00311191	0.00109978	0.00233394	0.000952533	0.00622383	0.00155469
4.225	0.00115316	0.000665674	0.00153754	0.000768615	0.00384386	0.00121491
4.275	0.00455868	0.00131517	0.00265923	0.00100474	0.00531846	0.0014204
4.325	0.00262849	0.00099312	0	0	0.00675897	0.00159164
4.375	0.00222724	0.000908989	0.00111362	0.000642851	0.00148483	0.000742262
4.425	0.0029361	0.00103764	0.00110104	0.000635587	0.00367012	0.00116
4.475	0.000362912	0.000362893	0.000725823	0.000513182	0.00326621	0.00108824
4.525	0.00287121	0.00101471	0.000358902	0.000358883	0.00179451	0.000802324
4.575	0.0017749	0.000793555	0.0017749	0.000793555	0.0017749	0.000793555
4.625	0.000702283	0.000496539	0.000351142	0.000351124	0.00140457	0.00070214
4.675	0.00138954	0.00069463	0.00173693	0.000776581	0.0024317	0.000918769
4.725	0.00171855	0.000768363	0.00068742	0.00048603	0.00309339	0.00103066
4.775	0.00102033	0.000588999	0	0	0.000680222	0.000480941
4.825	0.000673173	0.000475957	0.000336587	0.000336569	0.000673173	0.000475957
4.875	0.000333134	0.000333117	0.000666269	0.000471075	0	0
4.925	0.00164876	0.00073716	0	0	0.000659505	0.000466293
4.975	0.000652876	0.000461606	0	0	0.00130575	0.000652743
